67
Otomorpha_Ictalurus_punctatus                   0.0000000 0.8043916 0.8618254 0.8914805 0.8982126 0.3818886 0.1239757 0.8637531 1.3177824 0.4057471 0.2210152 0.8715818 0.4563386 0.3653184 1.0927856 0.9076335 0.9587081 0.8818736 0.8800451 0.8297598 0.9492777 0.9400021 0.8784860 0.9034188 0.8101089 0.8684930 0.8639542 0.8465698 0.8992957 0.8337447 0.8187994 0.8450902 0.9541914 0.8238361 0.8433040 0.8410638 0.8790178 0.7984773 0.8098281 0.8444131 0.8590223 0.9010722 0.9025150 0.8646711 0.8802492 0.8362439 0.8091912 0.9550425 0.8617908 0.8793227 0.8147758 0.8402738 0.8600877 0.8858702 0.8754999 0.7626006 0.9565462 0.8883879 0.8475009 0.8807634 0.8993731 0.8619725 0.8023483 0.8467740 0.8047452 1.0711249 0.8637578 
Otomorpha_Chanos_chanos                         0.8043916 0.0000000 0.8082600 0.8558439 0.7795819 0.7264599 0.7835990 0.8276693 1.2273220 0.7415712 0.8200153 0.8131543 0.7650520 0.7168830 1.0847450 0.8049652 0.8482442 0.7953943 0.8090408 0.7512223 0.8576593 0.8378185 0.8015179 0.8371358 0.7890427 0.7646785 0.7848782 0.7472165 0.8466950 0.7110580 0.7148457 0.7399939 0.8770048 0.7486143 0.7514345 0.8133884 0.7971831 0.7324423 0.7441099 0.7375297 0.7567561 0.8041353 0.7711423 0.7582326 0.7930690 0.7333965 0.7140612 0.8256596 0.7394861 0.8030553 0.7232992 0.7325820 0.7706305 0.7988036 0.7898723 0.6692517 0.8201508 0.7924214 0.7712094 0.7621058 0.7963064 0.7496498 0.7123711 0.7704480 0.7059383 0.9742352 0.7589517 
Otomorpha_Sinocyclocheilus_rhinocerous          0.8618254 0.8082600 0.0000000 0.1411916 0.9064369 0.7811153 0.8785094 0.1086347 1.2680448 0.7989875 0.8630935 0.0205838 0.8212781 0.7782951 1.0697702 0.9503588 0.9649027 0.9222031 0.9019499 0.8455041 0.9392913 0.9764250 0.9187928 0.9808259 0.9469063 0.8732069 0.9029525 0.8382853 0.9157592 0.8336530 0.8535152 0.8806778 0.9843357 0.8796261 0.8533496 0.8574993 0.9089385 0.8743371 0.8453407 0.8835280 0.8815225 0.9184572 0.9280676 0.8853512 0.9222211 0.8533262 0.8169534 0.9278967 0.8901864 0.8989191 0.8728625 0.8352100 0.9131602 0.9222521 0.9244280 0.7502023 0.9067576 0.9236871 0.8865442 0.9031558 0.8928617 0.8853664 0.8314783 0.8850349 0.8203390 1.0993193 0.8831224 
Otomorpha_Carassius_auratus                     0.8914805 0.8558439 0.1411916 0.0000000 0.9256068 0.7822090 0.8888849 0.0859401 1.2275855 0.7905617 0.8812554 0.1448533 0.8237231 0.7839668 1.0529290 0.9740082 0.9685802 0.9191589 0.8926411 0.8514250 0.9523494 0.9482006 0.9200252 0.9781594 0.9455788 0.8922677 0.9227283 0.8571139 0.9177008 0.8675676 0.8558950 0.8843462 0.9955740 0.8765619 0.8709794 0.8534809 0.8970378 0.8650055 0.8471688 0.8867861 0.9111712 0.9292495 0.9245107 0.9129333 0.9121957 0.8620137 0.8248466 0.9380109 0.8970633 0.9046770 0.8789879 0.8430035 0.9014214 0.9093491 0.9200326 0.7703934 0.9080432 0.9177594 0.9140337 0.9289477 0.9065368 0.8786774 0.8385958 0.9132358 0.8289301 1.0646115 0.9125463 
Otomorpha_Denticeps_clupeoides                  0.8982126 0.7795819 0.9064369 0.9256068 0.0000000 0.7820439 0.8769415 0.8909681 1.2411874 0.8186039 0.9004325 0.9125420 0.8257060 0.7963520 1.0737162 0.8119787 0.8626553 0.8749750 0.8719910 0.7863344 0.9182922 0.9066306 0.8787675 0.9147299 0.8176143 0.8404031 0.8384725 0.8094388 0.8539478 0.7895061 0.7643202 0.7908725 0.9184832 0.8244097 0.7884850 0.8505382 0.8642197 0.8328319 0.8087619 0.8026595 0.8315401 0.9135359 0.8616380 0.8341190 0.8442961 0.8189558 0.7651936 0.8951262 0.8231356 0.8382695 0.7856880 0.7970464 0.8357941 0.8822374 0.8742524 0.7370342 0.8723396 0.8690031 0.8429507 0.8868166 0.8712297 0.7894242 0.7753243 0.8365351 0.7632863 1.0546751 0.8332819 
Otomorpha_Pygocentrus_nattereri                 0.3818886 0.7264599 0.7811153 0.7822090 0.7820439 0.0000000 0.3601443 0.7709084 1.2211824 0.3068506 0.4435496 0.7860447 0.2957630 0.0644905 0.9613192 0.8564413 0.9845062 0.8625931 0.8458546 0.8455842 0.9095992 0.9524484 0.8493489 0.9308193 0.8547692 0.8421608 0.8588536 0.8294383 0.7784193 0.8326189 0.8447508 0.8361579 0.9316613 0.8450351 0.8507564 0.8191331 0.8416718 0.8237676 0.8216346 0.8277583 0.8118451 0.8900342 0.9026796 0.8043873 0.8659944 0.8324232 0.8066711 0.8943811 0.8454880 0.7360023 0.8408502 0.8539227 0.8359284 0.8511087 0.8613339 0.7157186 0.8647076 0.8677350 0.8054160 0.8611657 0.8685149 0.8264769 0.8348697 0.8063694 0.7990444 1.0093145 0.8069477 
Otomorpha_Pangasianodon_hypophthalmus           0.1239757 0.7835990 0.8785094 0.8888849 0.8769415 0.3601443 0.0000000 0.8684408 1.3232420 0.3727143 0.1935804 0.8782591 0.4287272 0.3442280 1.0821415 0.9013922 0.9968461 0.8667785 0.8656826 0.8387707 0.9334238 0.9633447 0.8633121 0.8935313 0.7956507 0.8505787 0.8570543 0.8469218 0.8719500 0.8253190 0.8098963 0.8211673 0.9541472 0.8337265 0.8370074 0.8348822 0.8631738 0.8071808 0.8152076 0.8275579 0.8304702 0.8876694 0.9235070 0.8366480 0.8923111 0.8357589 0.8074913 0.9321734 0.8448374 0.8645546 0.8155676 0.8515327 0.8340855 0.8701177 0.8669167 0.7386230 0.9488208 0.8747436 0.8250832 0.8606354 0.8987096 0.8418769 0.8097016 0.8252614 0.8011369 1.0578756 0.8391995 
Otomorpha_Sinocyclocheilus_grahami              0.8637531 0.8276693 0.1086347 0.0859401 0.8909681 0.7709084 0.8684408 0.0000000 1.2184477 0.7867126 0.8621079 0.1107517 0.7955139 0.7637248 1.0594848 0.9521149 0.9548492 0.8994595 0.8811735 0.8334270 0.9489120 0.9619072 0.8929947 0.9854535 0.9306096 0.8798247 0.8982135 0.8248943 0.9243921 0.8321914 0.8440817 0.8679159 0.9548012 0.8509241 0.8431595 0.8496250 0.8865175 0.8618396 0.8409499 0.8636740 0.8850053 0.9056774 0.9096417 0.8848137 0.9140136 0.8545836 0.8041841 0.9342469 0.8805255 0.9034535 0.8588635 0.8223600 0.8889595 0.8981848 0.8963480 0.7606678 0.9147429 0.8991499 0.8895136 0.8909679 0.9003623 0.8574440 0.8212011 0.8869889 0.8030972 1.0706124 0.8851852 
Otomorpha_Danio_rerio                           1.3177824 1.2273220 1.2680448 1.2275855 1.2411874 1.2211824 1.3232420 1.2184477 0.0000000 1.2874393 1.3235303 1.2681149 1.3217721 1.2196085 0.6140465 1.2388842 1.1440549 1.0885061 1.0767712 1.0173804 1.1551977 1.1220224 1.0802782 1.1281162 1.0624340 1.0571977 1.0955073 0.9835820 1.3559869 0.9938320 1.0093430 1.0440478 1.1855424 1.0511789 0.9999642 1.0563448 1.0883761 1.0441268 1.0029932 1.0327451 1.0510819 1.1109781 1.0870334 1.0499788 1.0730874 0.9759327 0.9739585 1.1775810 1.0221546 1.3277811 1.0262380 1.0526527 1.0507058 1.0829404 1.0676531 0.8938230 1.2016461 1.0934858 1.0338235 1.0400725 1.1167582 1.0206348 0.9867584 1.0338860 0.9653526 1.3269355 1.0488062 
Otomorpha_Electrophorus_electricus              0.4057471 0.7415712 0.7989875 0.7905617 0.8186039 0.3068506 0.3727143 0.7867126 1.2874393 0.0000000 0.4370481 0.8002837 0.3664391 0.2902149 1.1000279 0.8893511 0.9062119 0.8616261 0.8445791 0.8167039 0.9437392 0.9099851 0.8541792 0.8948427 0.8252622 0.7999636 0.8560775 0.7967772 0.8167964 0.7957442 0.8018461 0.8091252 0.9211878 0.8035765 0.8316729 0.8077038 0.8450445 0.8014140 0.8136096 0.7947442 0.7920969 0.8681938 0.8604659 0.7856577 0.8526058 0.7964582 0.7725427 0.8983225 0.8263912 0.8122944 0.8087155 0.8225599 0.7997950 0.8457818 0.8434852 0.7019492 0.8892777 0.8624901 0.7874621 0.8511791 0.8797179 0.7999974 0.7899935 0.7884939 0.7667830 1.0099052 0.7876887 
Otomorpha_Tachysurus_fulvidraco                 0.2210152 0.8200153 0.8630935 0.8812554 0.9004325 0.4435496 0.1935804 0.8621079 1.3235303 0.4370481 0.0000000 0.8706044 0.4941099 0.4228296 1.0745587 0.9195305 1.0154067 0.9248728 0.9124463 0.8643813 0.9842177 0.9966384 0.9229458 0.9382073 0.8482560 0.9023609 0.8979384 0.8595954 0.8962649 0.8572620 0.8445297 0.8721037 0.9869241 0.8562334 0.8728159 0.8680001 0.9082671 0.8484520 0.8739910 0.8715084 0.8775422 0.9247176 0.9495946 0.8838770 0.9084335 0.8852355 0.8454779 0.9673848 0.8902838 0.9015576 0.8352433 0.8622941 0.8655280 0.9094466 0.9143250 0.7728857 0.9615972 0.9290928 0.8718881 0.9048295 0.9284077 0.8820333 0.8318180 0.8700740 0.8381999 1.0786221 0.8837888 
Otomorpha_Sinocyclocheilus_anshuiensis          0.8715818 0.8131543 0.0205838 0.1448533 0.9125420 0.7860447 0.8782591 0.1107517 1.2681149 0.8002837 0.8706044 0.0000000 0.8201875 0.7782166 1.0843247 0.9422990 0.9706418 0.9216771 0.9045431 0.8525094 0.9484600 0.9680971 0.9169063 0.9901255 0.9455004 0.8845012 0.9135689 0.8423221 0.9153933 0.8452839 0.8596304 0.8791902 0.9994036 0.8792567 0.8635073 0.8578771 0.9107251 0.8850487 0.8530639 0.8866635 0.8831718 0.9229545 0.9315361 0.8861170 0.9295409 0.8614635 0.8215939 0.9315887 0.8963698 0.8934030 0.8791424 0.8349257 0.9099205 0.9210674 0.9224968 0.7522201 0.8953698 0.9241114 0.8873046 0.9144658 0.8868860 0.8888930 0.8320186 0.8857963 0.8224306 1.0932229 0.8838901 
Otomorpha_Astyanax_mexicanus                    0.4563386 0.7650520 0.8212781 0.8237231 0.8257060 0.2957630 0.4287272 0.7955139 1.3217721 0.3664391 0.4941099 0.8201875 0.0000000 0.2859603 1.1059788 0.8550428 0.9653805 0.8896810 0.8765936 0.8262026 0.9505062 0.9503878 0.8637119 0.8809980 0.8321215 0.8500129 0.8512924 0.8068432 0.8226573 0.8029014 0.7907505 0.8272699 0.9716637 0.8338004 0.8396703 0.8044373 0.8797074 0.8143045 0.8301176 0.8061317 0.8147348 0.8847487 0.8667710 0.8192984 0.8539903 0.8332564 0.7857340 0.9282676 0.8533622 0.8010011 0.8009123 0.8415241 0.8172928 0.8823756 0.8726189 0.7076129 0.8836878 0.8834801 0.8003213 0.8477809 0.8709503 0.8274140 0.7992464 0.8024069 0.7787682 1.0210129 0.8217113 
Otomorpha_Colossoma_macropomum                  0.3653184 0.7168830 0.7782951 0.7839668 0.7963520 0.0644905 0.3442280 0.7637248 1.2196085 0.2902149 0.4228296 0.7782166 0.2859603 0.0000000 0.9863383 0.8396161 0.9600616 0.8393471 0.8287000 0.8209971 0.9014114 0.9601053 0.8232590 0.8906512 0.8393410 0.8222753 0.8443877 0.8091645 0.7467103 0.8087201 0.8165441 0.8143709 0.9158287 0.8323142 0.8247296 0.8043490 0.8245925 0.7968012 0.7986843 0.8007342 0.8196728 0.8887665 0.8737023 0.8088974 0.8528109 0.8133563 0.7875166 0.8975692 0.8527398 0.7497082 0.8159464 0.8245957 0.8231569 0.8298832 0.8394261 0.7164233 0.8673933 0.8443490 0.8135829 0.8431468 0.8747444 0.8064433 0.7967793 0.8119821 0.7825251 1.0088052 0.8114313 
Otomorpha_Puntigrus_tetrazona                   1.0927856 1.0847450 1.0697702 1.0529290 1.0737162 0.9613192 1.0821415 1.0594848 0.6140465 1.1000279 1.0745587 1.0843247 1.1059788 0.9863383 0.0000000 1.0368839 0.9938095 0.9445175 0.9541296 0.9027993 0.9721449 0.9834068 0.9481237 0.9925126 0.9467885 0.9048439 0.9442693 0.9072073 1.0839312 0.9233598 0.9086866 0.9103162 0.9891377 0.9716427 0.8907716 0.9279629 0.9500103 0.9097875 0.9008787 0.9357060 0.9423042 0.9813587 0.9524011 0.9462928 0.9231228 0.8807876 0.8748275 1.0067216 0.9332658 1.0746230 0.9022878 0.9377056 0.9287844 0.9520463 0.9422022 0.7994316 1.0275188 0.9507016 0.9420120 0.9353739 0.9847471 0.9395804 0.8797073 0.9426023 0.8542493 1.1099870 0.9462460 
Otomorpha_Clupea_harengus                       0.9076335 0.8049652 0.9503588 0.9740082 0.8119787 0.8564413 0.9013922 0.9521149 1.2388842 0.8893511 0.9195305 0.9422990 0.8550428 0.8396161 1.0368839 0.0000000 0.9096877 0.8632660 0.8602155 0.8110299 0.8889519 0.9037892 0.8545513 0.8952949 0.8565606 0.8860539 0.8949453 0.8270421 0.9349761 0.8336497 0.8029210 0.8133076 0.9460007 0.8274581 0.8173410 0.8009411 0.8600986 0.8345348 0.8198251 0.8267856 0.8339103 0.8884996 0.8633924 0.8357107 0.9061020 0.8288410 0.7884895 0.8949308 0.8436294 0.8934210 0.8130081 0.8154136 0.8532841 0.8540422 0.8603581 0.7146115 0.9324660 0.8637335 0.8448716 0.9046136 0.8707740 0.8429425 0.7763143 0.8444675 0.7754478 1.0756116 0.8352401 
Euteleosteomorpha_Salarias_fasciatus            0.9587081 0.8482442 0.9649027 0.9685802 0.8626553 0.9845062 0.9968461 0.9548492 1.1440549 0.9062119 1.0154067 0.9706418 0.9653805 0.9600616 0.9938095 0.9096877 0.0000000 0.4970789 0.4954255 0.3595595 0.5346268 0.4819734 0.5004023 0.5407656 0.4547966 0.4787017 0.4329030 0.3726598 0.8839019 0.3798303 0.3702548 0.3843157 0.5283989 0.3849082 0.3830221 0.5209416 0.4955585 0.3933928 0.3862464 0.3738481 0.4013095 0.5013043 0.4889478 0.3993001 0.4433400 0.3815392 0.3536611 0.5308916 0.3826327 0.8711910 0.3751105 0.4064470 0.4283831 0.4938075 0.4967574 0.3551191 0.5271647 0.4984643 0.3962813 0.4738790 0.4973694 0.3654229 0.3652922 0.3939685 0.3512399 0.7050850 0.3994583 
Euteleosteomorpha_Poecilia_mexicana             0.8818736 0.7953943 0.9222031 0.9191589 0.8749750 0.8625931 0.8667785 0.8994595 1.0885061 0.8616261 0.9248728 0.9216771 0.8896810 0.8393471 0.9445175 0.8632660 0.4970789 0.0000000 0.0540349 0.3799546 0.2251170 0.4982581 0.0328030 0.5336782 0.4585550 0.4763616 0.4455387 0.3770704 0.8035541 0.3770236 0.3776065 0.3858618 0.2123930 0.3815162 0.4046892 0.5030957 0.0590736 0.3931589 0.3729943 0.3844669 0.4074484 0.4062273 0.4474761 0.4061834 0.4187241 0.3869125 0.3555531 0.4422233 0.3845460 0.7841653 0.3796684 0.4250927 0.4363447 0.0570396 0.0124617 0.3341284 0.5172380 0.0047311 0.3970585 0.3563069 0.4218852 0.3750089 0.3845349 0.3957339 0.3580549 0.6925973 0.4049243 
Euteleosteomorpha_Xiphophorus_couchianus        0.8800451 0.8090408 0.9019499 0.8926411 0.8719910 0.8458546 0.8656826 0.8811735 1.0767712 0.8445791 0.9124463 0.9045431 0.8765936 0.8287000 0.9541296 0.8602155 0.4954255 0.0540349 0.0000000 0.3706743 0.2212414 0.5020957 0.0445298 0.5227916 0.4482532 0.4652999 0.4477223 0.3651063 0.8161450 0.3651491 0.3717724 0.3822943 0.2029662 0.3798838 0.3932862 0.5117483 0.0150377 0.3934084 0.3778067 0.3777449 0.3900599 0.4019352 0.4515893 0.3898969 0.4156190 0.3853270 0.3463755 0.4284401 0.3722746 0.7877513 0.3824974 0.4146993 0.4351510 0.0172654 0.0517527 0.3290213 0.5210289 0.0531759 0.3843850 0.3384982 0.4139668 0.3713840 0.3729254 0.3830628 0.3487114 0.6836191 0.3886406 
Euteleosteomorpha_Cottoperca_gobio              0.8297598 0.7512223 0.8455041 0.8514250 0.7863344 0.8455842 0.8387707 0.8334270 1.0173804 0.8167039 0.8643813 0.8525094 0.8262026 0.8209971 0.9027993 0.8110299 0.3595595 0.3799546 0.3706743 0.0000000 0.4088197 0.4162386 0.3790051 0.4108513 0.1795691 0.3415026 0.3193334 0.1537775 0.7643290 0.2064539 0.2096933 0.2335756 0.3989619 0.2211970 0.1663184 0.4382417 0.3712867 0.2450968 0.2400904 0.2393777 0.2699501 0.3769872 0.2789947 0.2697188 0.2830143 0.2722202 0.1306258 0.4219743 0.2621373 0.7402749 0.2295346 0.2720319 0.3158782 0.3780765 0.3746569 0.2535280 0.4269816 0.3799831 0.2645824 0.3318967 0.4005941 0.2386239 0.1851817 0.2627787 0.1308981 0.6061811 0.2700176 
Euteleosteomorpha_Cyprinodon_variegatus         0.9492777 0.8576593 0.9392913 0.9523494 0.9182922 0.9095992 0.9334238 0.9489120 1.1551977 0.9437392 0.9842177 0.9484600 0.9505062 0.9014114 0.9721449 0.8889519 0.5346268 0.2251170 0.2212414 0.4088197 0.0000000 0.5550329 0.2153778 0.5519933 0.4932236 0.5145365 0.4803907 0.4012692 0.8857709 0.4134738 0.4025178 0.4104565 0.2537161 0.4115034 0.4386248 0.5019916 0.2291305 0.4187212 0.4013236 0.4114012 0.4287693 0.4575996 0.5198150 0.4295885 0.4499278 0.4249599 0.3912558 0.4755627 0.4212124 0.8280827 0.4110486 0.4564138 0.4645356 0.2275143 0.2241482 0.3662259 0.5463708 0.2264733 0.4219125 0.3782764 0.4570819 0.3999071 0.4155023 0.4188005 0.3916490 0.7155163 0.4293774 
Euteleosteomorpha_Gouania_willdenowi            0.9400021 0.8378185 0.9764250 0.9482006 0.9066306 0.9524484 0.9633447 0.9619072 1.1220224 0.9099851 0.9966384 0.9680971 0.9503878 0.9601053 0.9834068 0.9037892 0.4819734 0.4982581 0.5020957 0.4162386 0.5550329 0.0000000 0.5055558 0.5531463 0.4950105 0.5154313 0.4586591 0.4178717 0.9253196 0.4255951 0.4380077 0.4253728 0.5526661 0.4294646 0.4483083 0.5600321 0.5026919 0.4307919 0.4419182 0.4278370 0.4456248 0.5160311 0.5563959 0.4490585 0.4953440 0.4462648 0.4071686 0.5395207 0.4304718 0.9003208 0.4310288 0.4612882 0.4689525 0.5043500 0.4989148 0.4039299 0.5628672 0.5012707 0.4495212 0.4972750 0.5076758 0.4162395 0.4221483 0.4469039 0.3989925 0.7177208 0.4492047 
Euteleosteomorpha_Poecilia_reticulata           0.8784860 0.8015179 0.9187928 0.9200252 0.8787675 0.8493489 0.8633121 0.8929947 1.0802782 0.8541792 0.9229458 0.9169063 0.8637119 0.8232590 0.9481237 0.8545513 0.5004023 0.0328030 0.0445298 0.3790051 0.2153778 0.5055558 0.0000000 0.5314629 0.4535240 0.4663227 0.4488499 0.3745024 0.8179988 0.3722218 0.3724542 0.3831537 0.2045221 0.3804138 0.4047124 0.5024308 0.0498241 0.3909916 0.3741835 0.3802658 0.4007946 0.4032042 0.4479839 0.4006859 0.4162953 0.3880656 0.3519110 0.4328015 0.3861499 0.7932274 0.3752708 0.4237405 0.4309981 0.0485838 0.0309000 0.3313622 0.5244190 0.0312202 0.3944547 0.3439995 0.4183392 0.3733803 0.3776700 0.3931375 0.3579852 0.6951304 0.3994447 
Euteleosteomorpha_Takifugu_rubripes             0.9034188 0.8371358 0.9808259 0.9781594 0.9147299 0.9308193 0.8935313 0.9854535 1.1281162 0.8948427 0.9382073 0.9901255 0.8809980 0.8906512 0.9925126 0.8952949 0.5407656 0.5336782 0.5227916 0.4108513 0.5519933 0.5531463 0.5314629 0.0000000 0.5079683 0.5274262 0.4778162 0.4005280 0.8530711 0.3816954 0.4060805 0.4082262 0.5454032 0.3976870 0.4160858 0.5567027 0.5285044 0.4223296 0.3986642 0.4122261 0.4591735 0.5330435 0.4761122 0.4558482 0.4562927 0.4238004 0.3834582 0.5380557 0.4441205 0.8249077 0.4189558 0.4546504 0.4637717 0.5302518 0.5264184 0.3804557 0.5623579 0.5333623 0.4584984 0.4884969 0.5145445 0.4214711 0.3839892 0.4566680 0.3780531 0.7322748 0.4554843 
Euteleosteomorpha_Notothenia_coriiceps          0.8101089 0.7890427 0.9469063 0.9455788 0.8176143 0.8547692 0.7956507 0.9306096 1.0624340 0.8252622 0.8482560 0.9455004 0.8321215 0.8393410 0.9467885 0.8565606 0.4547966 0.4585550 0.4482532 0.1795691 0.4932236 0.4950105 0.4535240 0.5079683 0.0000000 0.4458571 0.3820455 0.2466421 0.8493321 0.2737860 0.2754851 0.3025778 0.4912001 0.2908957 0.2392424 0.5180755 0.4459794 0.3395093 0.3201532 0.3133000 0.3550089 0.4470540 0.3538311 0.3540344 0.3593711 0.3395863 0.2106332 0.4873706 0.3493167 0.7990555 0.2941258 0.3474283 0.3850508 0.4514906 0.4523260 0.3064748 0.4782375 0.4602276 0.3545269 0.3861177 0.4455427 0.3066258 0.2555654 0.3520028 0.2052158 0.6876516 0.3537431 
Euteleosteomorpha_Myripristis_murdjan           0.8684930 0.7646785 0.8732069 0.8922677 0.8404031 0.8421608 0.8505787 0.8798247 1.0571977 0.7999636 0.9023609 0.8845012 0.8500129 0.8222753 0.9048439 0.8860539 0.4787017 0.4763616 0.4652999 0.3415026 0.5145365 0.5154313 0.4663227 0.5274262 0.4458571 0.0000000 0.4302251 0.3400454 0.8051964 0.3479909 0.3307274 0.3624062 0.4974760 0.3493430 0.3380200 0.5216950 0.4656051 0.3730482 0.3590972 0.3599650 0.4061205 0.4763861 0.3931043 0.4071554 0.4106317 0.3759494 0.3277331 0.5313920 0.3810965 0.7760468 0.3672350 0.3835650 0.3972682 0.4668386 0.4689851 0.3507112 0.5209120 0.4771824 0.4014096 0.4382419 0.4870859 0.3659705 0.3269252 0.3991085 0.3218276 0.6207290 0.4074747 
Euteleosteomorpha_Betta_splendens               0.8639542 0.7848782 0.9029525 0.9227283 0.8384725 0.8588536 0.8570543 0.8982135 1.0955073 0.8560775 0.8979384 0.9135689 0.8512924 0.8443877 0.9442693 0.8949453 0.4329030 0.4455387 0.4477223 0.3193334 0.4803907 0.4586591 0.4488499 0.4778162 0.3820455 0.4302251 0.0000000 0.3137661 0.7965816 0.3187385 0.3011282 0.3300134 0.4682043 0.3458437 0.3320291 0.4699416 0.4488939 0.2172512 0.2795866 0.3291827 0.3517180 0.4640323 0.3613581 0.3496571 0.3749412 0.3426801 0.3006885 0.4916526 0.3443170 0.8181275 0.2924380 0.3565550 0.3771787 0.4474456 0.4443676 0.3129018 0.4953572 0.4465050 0.3496298 0.4052335 0.4553393 0.3300594 0.2853368 0.3479046 0.2943678 0.6875671 0.3499222 
Euteleosteomorpha_Etheostoma_spectabile         0.8465698 0.7472165 0.8382853 0.8571139 0.8094388 0.8294383 0.8469218 0.8248943 0.9835820 0.7967772 0.8595954 0.8423221 0.8068432 0.8091645 0.9072073 0.8270421 0.3726598 0.3770704 0.3651063 0.1537775 0.4012692 0.4178717 0.3745024 0.4005280 0.2466421 0.3400454 0.3137661 0.0000000 0.7658349 0.2029162 0.1999694 0.2361288 0.3999324 0.2128822 0.1717706 0.4359506 0.3671014 0.2466561 0.2282360 0.2347917 0.2810037 0.3831187 0.2777029 0.2804147 0.2830398 0.2701322 0.0589727 0.4021256 0.2659892 0.7520629 0.2287901 0.2587762 0.3054532 0.3738627 0.3739128 0.2503862 0.4308448 0.3773677 0.2774245 0.3207863 0.3741518 0.2316867 0.1831268 0.2760693 0.0616279 0.6208856 0.2802456 
Euteleosteomorpha_Salmo_salar                   0.8992957 0.8466950 0.9157592 0.9177008 0.8539478 0.7784193 0.8719500 0.9243921 1.3559869 0.8167964 0.8962649 0.9153933 0.8226573 0.7467103 1.0839312 0.9349761 0.8839019 0.8035541 0.8161450 0.7643290 0.8857709 0.9253196 0.8179988 0.8530711 0.8493321 0.8051964 0.7965816 0.7658349 0.0000000 0.7580645 0.7556668 0.8043786 0.8988403 0.7725758 0.7732478 0.8138708 0.8105680 0.7892871 0.7558840 0.7796334 0.8111643 0.8458869 0.8336714 0.8184373 0.8173325 0.7812534 0.7427569 0.8926399 0.8013258 0.3220962 0.7599927 0.8022740 0.8062614 0.8158383 0.8088940 0.7021827 0.9220386 0.8108527 0.8094563 0.8324009 0.8522983 0.7835310 0.7488763 0.8034609 0.7275593 0.9702361 0.8184173 
Euteleosteomorpha_Larimichthys_crocea           0.8337447 0.7110580 0.8336530 0.8675676 0.7895061 0.8326189 0.8253190 0.8321914 0.9938320 0.7957442 0.8572620 0.8452839 0.8029014 0.8087201 0.9233598 0.8336497 0.3798303 0.3770236 0.3651491 0.2064539 0.4134738 0.4255951 0.3722218 0.3816954 0.2737860 0.3479909 0.3187385 0.2029162 0.7580645 0.0000000 0.2115754 0.2406396 0.4056853 0.1846775 0.2152361 0.4318165 0.3646728 0.2495538 0.2419013 0.2404682 0.2820684 0.3727099 0.2675809 0.2827657 0.2731986 0.2737694 0.1790743 0.4035112 0.2691952 0.7763734 0.2359372 0.2684901 0.2973692 0.3684835 0.3736243 0.2572368 0.4283645 0.3754492 0.2736188 0.3143684 0.3812109 0.2366579 0.1910966 0.2726290 0.1783600 0.6157494 0.2821654 
Euteleosteomorpha_Lates_calcarifer              0.8187994 0.7148457 0.8535152 0.8558950 0.7643202 0.8447508 0.8098963 0.8440817 1.0093430 0.8018461 0.8445297 0.8596304 0.7907505 0.8165441 0.9086866 0.8029210 0.3702548 0.3776065 0.3717724 0.2096933 0.4025178 0.4380077 0.3724542 0.4060805 0.2754851 0.3307274 0.3011282 0.1999694 0.7556668 0.2115754 0.0000000 0.2360879 0.4091548 0.2213105 0.2191221 0.4285416 0.3736552 0.2267403 0.2158456 0.2321451 0.2741439 0.3781513 0.2307698 0.2719260 0.2860979 0.2792895 0.1768996 0.4064965 0.2620632 0.7479139 0.2153366 0.2108734 0.2980298 0.3795874 0.3750093 0.2458624 0.4350444 0.3769841 0.2743234 0.3200678 0.3710020 0.2269701 0.1329496 0.2728040 0.1794787 0.6186775 0.2712943 
Euteleosteomorpha_Stegastes_partitus            0.8450902 0.7399939 0.8806778 0.8843462 0.7908725 0.8361579 0.8211673 0.8679159 1.0440478 0.8091252 0.8721037 0.8791902 0.8272699 0.8143709 0.9103162 0.8133076 0.3843157 0.3858618 0.3822943 0.2335756 0.4104565 0.4253728 0.3831537 0.4082262 0.3025778 0.3624062 0.3300134 0.2361288 0.8043786 0.2406396 0.2360879 0.0000000 0.4364354 0.2500589 0.2592084 0.4483669 0.3815381 0.2660632 0.2610565 0.1170476 0.2700665 0.3652697 0.3533914 0.2687501 0.3189857 0.2574620 0.2160330 0.3987821 0.2482522 0.7927073 0.2460925 0.2842543 0.3136602 0.3877571 0.3841604 0.2532736 0.4281099 0.3843210 0.2683072 0.3156414 0.3734785 0.1096367 0.2091437 0.2667791 0.2117357 0.6609257 0.2689416 
Euteleosteomorpha_Fundulus_heteroclitus         0.9541914 0.8770048 0.9843357 0.9955740 0.9184832 0.9316613 0.9541472 0.9548012 1.1855424 0.9211878 0.9869241 0.9994036 0.9716637 0.9158287 0.9891377 0.9460007 0.5283989 0.2123930 0.2029662 0.3989619 0.2537161 0.5526661 0.2045221 0.5454032 0.4912001 0.4974760 0.4682043 0.3999324 0.8988403 0.4056853 0.4091548 0.4364354 0.0000000 0.4127277 0.4133086 0.5279882 0.2097896 0.4215355 0.4157798 0.4223913 0.4330731 0.4707043 0.4913033 0.4319725 0.4586327 0.4435592 0.3789035 0.4906360 0.4301523 0.8750804 0.4154191 0.4654757 0.4702009 0.2116561 0.2113368 0.3615186 0.5701599 0.2127318 0.4283056 0.3982264 0.4647719 0.4196880 0.3970658 0.4261744 0.3804402 0.7398799 0.4312774 
Euteleosteomorpha_Sparus_aurata                 0.8238361 0.7486143 0.8796261 0.8765619 0.8244097 0.8450351 0.8337265 0.8509241 1.0511789 0.8035765 0.8562334 0.8792567 0.8338004 0.8323142 0.9716427 0.8274581 0.3849082 0.3815162 0.3798838 0.2211970 0.4115034 0.4294646 0.3804138 0.3976870 0.2908957 0.3493430 0.3458437 0.2128822 0.7725758 0.1846775 0.2213105 0.2500589 0.4127277 0.0000000 0.2301426 0.4539005 0.3812717 0.2641709 0.2580056 0.2461343 0.2977445 0.3974771 0.2988552 0.2996708 0.2946514 0.3021608 0.1915654 0.4109453 0.2910163 0.7474125 0.2496929 0.2810091 0.3256600 0.3845109 0.3791678 0.2635484 0.4688978 0.3813668 0.2944219 0.3246568 0.3749831 0.2436074 0.2069136 0.2934520 0.1889633 0.6341154 0.2994830 
Euteleosteomorpha_Anarrhichthys_ocellatus       0.8433040 0.7514345 0.8533496 0.8709794 0.7884850 0.8507564 0.8370074 0.8431595 0.9999642 0.8316729 0.8728159 0.8635073 0.8396703 0.8247296 0.8907716 0.8173410 0.3830221 0.4046892 0.3932862 0.1663184 0.4386248 0.4483083 0.4047124 0.4160858 0.2392424 0.3380200 0.3320291 0.1717706 0.7732478 0.2152361 0.2191221 0.2592084 0.4133086 0.2301426 0.0000000 0.4640637 0.3984994 0.2669994 0.2494901 0.2447523 0.2904996 0.4027706 0.2877773 0.2930772 0.2931351 0.2915753 0.1422644 0.4340569 0.2738829 0.7598955 0.2402318 0.2745190 0.3289752 0.4027954 0.4035140 0.2695520 0.4383158 0.4030485 0.2905128 0.3272004 0.3896037 0.2444815 0.1957815 0.2879395 0.1408950 0.6023510 0.2928960 
Euteleosteomorpha_Boleophthalmus_pectinirostris 0.8410638 0.8133884 0.8574993 0.8534809 0.8505382 0.8191331 0.8348822 0.8496250 1.0563448 0.8077038 0.8680001 0.8578771 0.8044373 0.8043490 0.9279629 0.8009411 0.5209416 0.5030957 0.5117483 0.4382417 0.5019916 0.5600321 0.5024308 0.5567027 0.5180755 0.5216950 0.4699416 0.4359506 0.8138708 0.4318165 0.4285416 0.4483669 0.5279882 0.4539005 0.4640637 0.0000000 0.5074163 0.4363184 0.4319445 0.4446395 0.4640522 0.5308836 0.4694624 0.4640573 0.4787512 0.4266370 0.4157205 0.5092244 0.4576475 0.7839969 0.4333414 0.4359391 0.4036947 0.5167458 0.5019141 0.4102228 0.5834071 0.5048060 0.4601129 0.4768262 0.5166177 0.4413789 0.4196581 0.4603258 0.4128167 0.7261774 0.4638350 
Euteleosteomorpha_Xiphophorus_maculatus         0.8790178 0.7971831 0.9089385 0.8970378 0.8642197 0.8416718 0.8631738 0.8865175 1.0883761 0.8450445 0.9082671 0.9107251 0.8797074 0.8245925 0.9500103 0.8600986 0.4955585 0.0590736 0.0150377 0.3712867 0.2291305 0.5026919 0.0498241 0.5285044 0.4459794 0.4656051 0.4488939 0.3671014 0.8105680 0.3646728 0.3736552 0.3815381 0.2097896 0.3812717 0.3984994 0.5074163 0.0000000 0.3933531 0.3782931 0.3746595 0.3971844 0.4031895 0.4561728 0.3969777 0.4181496 0.3834379 0.3487510 0.4342695 0.3701000 0.7825480 0.3827453 0.4122756 0.4340441 0.0142814 0.0570386 0.3339702 0.5191724 0.0587720 0.3898605 0.3417307 0.4200267 0.3697154 0.3693124 0.3884993 0.3511123 0.6833022 0.3956714 
Euteleosteomorpha_Anabas_testudineus            0.7984773 0.7324423 0.8743371 0.8650055 0.8328319 0.8237676 0.8071808 0.8618396 1.0441268 0.8014140 0.8484520 0.8850487 0.8143045 0.7968012 0.9097875 0.8345348 0.3933928 0.3931589 0.3934084 0.2450968 0.4187212 0.4307919 0.3909916 0.4223296 0.3395093 0.3730482 0.2172512 0.2466561 0.7892871 0.2495538 0.2267403 0.2660632 0.4215355 0.2641709 0.2669994 0.4363184 0.3933531 0.0000000 0.2247827 0.2598103 0.3031141 0.3972159 0.3104743 0.3037995 0.3188395 0.3015974 0.2285246 0.4450216 0.2914348 0.7919321 0.2363791 0.2813127 0.3246134 0.3994105 0.3904317 0.2732391 0.4593705 0.3931712 0.3023427 0.3407287 0.4146545 0.2609886 0.2131053 0.3004261 0.2273362 0.6541927 0.3037187 
Euteleosteomorpha_Mastacembelus_armatus         0.8098281 0.7441099 0.8453407 0.8471688 0.8087619 0.8216346 0.8152076 0.8409499 1.0029932 0.8136096 0.8739910 0.8530639 0.8301176 0.7986843 0.9008787 0.8198251 0.3862464 0.3729943 0.3778067 0.2400904 0.4013236 0.4419182 0.3741835 0.3986642 0.3201532 0.3590972 0.2795866 0.2282360 0.7558840 0.2419013 0.2158456 0.2610565 0.4157798 0.2580056 0.2494901 0.4319445 0.3782931 0.2247827 0.0000000 0.2631661 0.3021926 0.3812513 0.2832709 0.3029571 0.3053882 0.2950938 0.2071903 0.4186137 0.2716231 0.7694699 0.1983104 0.2735735 0.3151062 0.3793892 0.3748032 0.2607555 0.4402734 0.3761073 0.2933266 0.3291959 0.3921337 0.2587547 0.2055968 0.2922856 0.2077715 0.6211688 0.3022537 
Euteleosteomorpha_Acanthochromis_polyacanthus   0.8444131 0.7375297 0.8835280 0.8867861 0.8026595 0.8277583 0.8275579 0.8636740 1.0327451 0.7947442 0.8715084 0.8866635 0.8061317 0.8007342 0.9357060 0.8267856 0.3738481 0.3844669 0.3777449 0.2393777 0.4114012 0.4278370 0.3802658 0.4122261 0.3133000 0.3599650 0.3291827 0.2347917 0.7796334 0.2404682 0.2321451 0.1170476 0.4223913 0.2461343 0.2447523 0.4446395 0.3746595 0.2598103 0.2631661 0.0000000 0.2731186 0.3744241 0.3647038 0.2734423 0.3124941 0.2614079 0.2135609 0.3997706 0.2486869 0.7693911 0.2503121 0.2888941 0.3072163 0.3819918 0.3803217 0.2645776 0.4393113 0.3807005 0.2749991 0.3201437 0.3674358 0.0503058 0.2151821 0.2723600 0.2082868 0.6340064 0.2734108 
Euteleosteomorpha_Haplochromis_burtoni          0.8590223 0.7567561 0.8815225 0.9111712 0.8315401 0.8118451 0.8304702 0.8850053 1.0510819 0.7920969 0.8775422 0.8831718 0.8147348 0.8196728 0.9423042 0.8339103 0.4013095 0.4074484 0.3900599 0.2699501 0.4287693 0.4456248 0.4007946 0.4591735 0.3550089 0.4061205 0.3517180 0.2810037 0.8111643 0.2820684 0.2741439 0.2700665 0.4330731 0.2977445 0.2904996 0.4640522 0.3971844 0.3031141 0.3021926 0.2731186 0.0000000 0.3995590 0.3922494 0.0073773 0.3511130 0.2992371 0.2570723 0.4284563 0.1342352 0.8021157 0.2744917 0.3120162 0.3569612 0.4019009 0.4048274 0.0042225 0.4671300 0.4077489 0.0305549 0.3387559 0.3958738 0.2654528 0.2518562 0.0291483 0.2556099 0.6603719 0.0080526 
Euteleosteomorpha_Nothobranchius_furzeri        0.9010722 0.8041353 0.9184572 0.9292495 0.9135359 0.8900342 0.8876694 0.9056774 1.1109781 0.8681938 0.9247176 0.9229545 0.8847487 0.8887665 0.9813587 0.8884996 0.5013043 0.4062273 0.4019352 0.3769872 0.4575996 0.5160311 0.4032042 0.5330435 0.4470540 0.4763861 0.4640323 0.3831187 0.8458869 0.3727099 0.3781513 0.3652697 0.4707043 0.3974771 0.4027706 0.5308836 0.4031895 0.3972159 0.3812513 0.3744241 0.3995590 0.0000000 0.4486027 0.3987570 0.4374903 0.4069168 0.3584331 0.4600497 0.3743569 0.7673916 0.3869563 0.4263655 0.4592765 0.4118973 0.4026194 0.3592954 0.5589024 0.4061301 0.3913131 0.3204083 0.4420315 0.3724815 0.3897871 0.3904154 0.3584944 0.6689676 0.3982321 
Euteleosteomorpha_Paralichthys_olivaceus        0.9025150 0.7711423 0.9280676 0.9245107 0.8616380 0.9026796 0.9235070 0.9096417 1.0870334 0.8604659 0.9495946 0.9315361 0.8667710 0.8737023 0.9524011 0.8633924 0.4889478 0.4474761 0.4515893 0.2789947 0.5198150 0.5563959 0.4479839 0.4761122 0.3538311 0.3931043 0.3613581 0.2777029 0.8336714 0.2675809 0.2307698 0.3533914 0.4913033 0.2988552 0.2877773 0.4694624 0.4561728 0.3104743 0.2832709 0.3647038 0.3922494 0.4486027 0.0000000 0.3945852 0.3454070 0.3913209 0.2569922 0.4873038 0.3702936 0.8017609 0.2804760 0.2662842 0.3486463 0.4654312 0.4459707 0.3609138 0.4680878 0.4477501 0.3957700 0.4092753 0.4476230 0.3426930 0.2191396 0.3931725 0.2549881 0.6928824 0.3953514 
Euteleosteomorpha_Maylandia_zebra               0.8646711 0.7582326 0.8853512 0.9129333 0.8341190 0.8043873 0.8366480 0.8848137 1.0499788 0.7856577 0.8838770 0.8861170 0.8192984 0.8088974 0.9462928 0.8357107 0.3993001 0.4061834 0.3898969 0.2697188 0.4295885 0.4490585 0.4006859 0.4558482 0.3540344 0.4071554 0.3496571 0.2804147 0.8184373 0.2827657 0.2719260 0.2687501 0.4319725 0.2996708 0.2930772 0.4640573 0.3969777 0.3037995 0.3029571 0.2734423 0.0073773 0.3987570 0.3945852 0.0000000 0.3508581 0.2988702 0.2562442 0.4243975 0.1332654 0.8109448 0.2736693 0.3123663 0.3552500 0.4016482 0.4035656 0.0036058 0.4677348 0.4064848 0.0278182 0.3388545 0.3926651 0.2650715 0.2510555 0.0264228 0.2550071 0.6613073 0.0017638 
Euteleosteomorpha_Labrus_bergylta               0.8802492 0.7930690 0.9222211 0.9121957 0.8442961 0.8659944 0.8923111 0.9140136 1.0730874 0.8526058 0.9084335 0.9295409 0.8539903 0.8528109 0.9231228 0.9061020 0.4433400 0.4187241 0.4156190 0.2830143 0.4499278 0.4953440 0.4162953 0.4562927 0.3593711 0.4106317 0.3749412 0.2830398 0.8173325 0.2731986 0.2860979 0.3189857 0.4586327 0.2946514 0.2931351 0.4787512 0.4181496 0.3188395 0.3053882 0.3124941 0.3511130 0.4374903 0.3454070 0.3508581 0.0000000 0.3413749 0.2637240 0.4515761 0.3341323 0.7809245 0.3133794 0.3376544 0.3890217 0.4262998 0.4203940 0.3162900 0.4860034 0.4185499 0.3450335 0.3769647 0.4272022 0.3144623 0.2785617 0.3447221 0.2545060 0.6565902 0.3501665 
Euteleosteomorpha_Parambassis_ranga             0.8362439 0.7333965 0.8533262 0.8620137 0.8189558 0.8324232 0.8357589 0.8545836 0.9759327 0.7964582 0.8852355 0.8614635 0.8332564 0.8133563 0.8807876 0.8288410 0.3815392 0.3869125 0.3853270 0.2722202 0.4249599 0.4462648 0.3880656 0.4238004 0.3395863 0.3759494 0.3426801 0.2701322 0.7812534 0.2737694 0.2792895 0.2574620 0.4435592 0.3021608 0.2915753 0.4266370 0.3834379 0.3015974 0.2950938 0.2614079 0.2992371 0.4069168 0.3913209 0.2988702 0.3413749 0.0000000 0.2531170 0.4169775 0.2818932 0.7917405 0.2833165 0.3120535 0.3365813 0.3867600 0.3883499 0.2783436 0.4564318 0.3890239 0.3044057 0.3552025 0.3980753 0.2553921 0.2598958 0.3027770 0.2494439 0.6044174 0.2996020 
Euteleosteomorpha_Sander_lucioperca             0.8091912 0.7140612 0.8169534 0.8248466 0.7651936 0.8066711 0.8074913 0.8041841 0.9739585 0.7725427 0.8454779 0.8215939 0.7857340 0.7875166 0.8748275 0.7884895 0.3536611 0.3555531 0.3463755 0.1306258 0.3912558 0.4071686 0.3519110 0.3834582 0.2106332 0.3277331 0.3006885 0.0589727 0.7427569 0.1790743 0.1768996 0.2160330 0.3789035 0.1915654 0.1422644 0.4157205 0.3487510 0.2285246 0.2071903 0.2135609 0.2570723 0.3584331 0.2569922 0.2562442 0.2637240 0.2531170 0.0000000 0.3924503 0.2439060 0.7338701 0.2032255 0.2405678 0.2846469 0.3553258 0.3539230 0.2265738 0.4131473 0.3554289 0.2504256 0.3031068 0.3674428 0.2115331 0.1554427 0.2487606 0.0310471 0.6003217 0.2553559 
Euteleosteomorpha_Oryzias_latipes               0.9550425 0.8256596 0.9278967 0.9380109 0.8951262 0.8943811 0.9321734 0.9342469 1.1775810 0.8983225 0.9673848 0.9315887 0.9282676 0.8975692 1.0067216 0.8949308 0.5308916 0.4422233 0.4284401 0.4219743 0.4755627 0.5395207 0.4328015 0.5380557 0.4873706 0.5313920 0.4916526 0.4021256 0.8926399 0.4035112 0.4064965 0.3987821 0.4906360 0.4109453 0.4340569 0.5092244 0.4342695 0.4450216 0.4186137 0.3997706 0.4284563 0.4600497 0.4873038 0.4243975 0.4515761 0.4169775 0.3924503 0.0000000 0.4215747 0.8546595 0.4199104 0.4447367 0.4626581 0.4382476 0.4328594 0.3792889 0.5671598 0.4427717 0.4180047 0.4144979 0.1245384 0.4033463 0.4046730 0.4174884 0.3891307 0.7476071 0.4242048 
Euteleosteomorpha_Archocentrus_centrarchus      0.8617908 0.7394861 0.8901864 0.8970633 0.8231356 0.8454880 0.8448374 0.8805255 1.0221546 0.8263912 0.8902838 0.8963698 0.8533622 0.8527398 0.9332658 0.8436294 0.3826327 0.3845460 0.3722746 0.2621373 0.4212124 0.4304718 0.3861499 0.4441205 0.3493167 0.3810965 0.3443170 0.2659892 0.8013258 0.2691952 0.2620632 0.2482522 0.4301523 0.2910163 0.2738829 0.4576475 0.3701000 0.2914348 0.2716231 0.2486869 0.1342352 0.3743569 0.3702936 0.1332654 0.3341323 0.2818932 0.2439060 0.4215747 0.0000000 0.7911249 0.2573883 0.3000616 0.3449900 0.3763431 0.3837611 0.1291447 0.4316058 0.3879053 0.1258108 0.3257030 0.3938261 0.2395292 0.2439227 0.1250294 0.2397427 0.6333639 0.1327676 
Euteleosteomorpha_Esox_lucius                   0.8793227 0.8030553 0.8989191 0.9046770 0.8382695 0.7360023 0.8645546 0.9034535 1.3277811 0.8122944 0.9015576 0.8934030 0.8010011 0.7497082 1.0746230 0.8934210 0.8711910 0.7841653 0.7877513 0.7402749 0.8280827 0.9003208 0.7932274 0.8249077 0.7990555 0.7760468 0.8181275 0.7520629 0.3220962 0.7763734 0.7479139 0.7927073 0.8750804 0.7474125 0.7598955 0.7839969 0.7825480 0.7919321 0.7694699 0.7693911 0.8021157 0.7673916 0.8017609 0.8109448 0.7809245 0.7917405 0.7338701 0.8546595 0.7911249 0.0000000 0.7638246 0.7900993 0.7834377 0.7888098 0.7967389 0.7048132 0.8788000 0.7948561 0.8037113 0.8192588 0.8453939 0.7706037 0.7497368 0.8019585 0.7183946 0.9253231 0.8121125 
Euteleosteomorpha_Monopterus_albus              0.8147758 0.7232992 0.8728625 0.8789879 0.7856880 0.8408502 0.8155676 0.8588635 1.0262380 0.8087155 0.8352433 0.8791424 0.8009123 0.8159464 0.9022878 0.8130081 0.3751105 0.3796684 0.3824974 0.2295346 0.4110486 0.4310288 0.3752708 0.4189558 0.2941258 0.3672350 0.2924380 0.2287901 0.7599927 0.2359372 0.2153366 0.2460925 0.4154191 0.2496929 0.2402318 0.4333414 0.3827453 0.2363791 0.1983104 0.2503121 0.2744917 0.3869563 0.2804760 0.2736693 0.3133794 0.2833165 0.2032255 0.4199104 0.2573883 0.7638246 0.0000000 0.2664269 0.3182554 0.3851260 0.3769299 0.2379291 0.4304790 0.3807534 0.2741046 0.3345949 0.3921019 0.2499091 0.1976570 0.2731067 0.2028842 0.6200988 0.2735004 
Euteleosteomorpha_Echeneis_naucrates            0.8402738 0.7325820 0.8352100 0.8430035 0.7970464 0.8539227 0.8515327 0.8223600 1.0526527 0.8225599 0.8622941 0.8349257 0.8415241 0.8245957 0.9377056 0.8154136 0.4064470 0.4250927 0.4146993 0.2720319 0.4564138 0.4612882 0.4237405 0.4546504 0.3474283 0.3835650 0.3565550 0.2587762 0.8022740 0.2684901 0.2108734 0.2842543 0.4654757 0.2810091 0.2745190 0.4359391 0.4122756 0.2813127 0.2735735 0.2888941 0.3120162 0.4263655 0.2662842 0.3123663 0.3376544 0.3120535 0.2405678 0.4447367 0.3000616 0.7900993 0.2664269 0.0000000 0.3444041 0.4150534 0.4200023 0.2731381 0.4645300 0.4237494 0.3141377 0.3693990 0.4231569 0.2850256 0.1642326 0.3112667 0.2385382 0.6619690 0.3120234 
Euteleosteomorpha_Sphaeramia_orbicularis        0.8600877 0.7706305 0.9131602 0.9014214 0.8357941 0.8359284 0.8340855 0.8889595 1.0507058 0.7997950 0.8655280 0.9099205 0.8172928 0.8231569 0.9287844 0.8532841 0.4283831 0.4363447 0.4351510 0.3158782 0.4645356 0.4689525 0.4309981 0.4637717 0.3850508 0.3972682 0.3771787 0.3054532 0.8062614 0.2973692 0.2980298 0.3136602 0.4702009 0.3256600 0.3289752 0.4036947 0.4340441 0.3246134 0.3151062 0.3072163 0.3569612 0.4592765 0.3486463 0.3552500 0.3890217 0.3365813 0.2846469 0.4626581 0.3449900 0.7834377 0.3182554 0.3444041 0.0000000 0.4361728 0.4337846 0.3011912 0.4842386 0.4369361 0.3568901 0.4107124 0.4346013 0.3091496 0.2714411 0.3550940 0.2796892 0.6956726 0.3551224 
Euteleosteomorpha_Xiphophorus_hellerii          0.8858702 0.7988036 0.9222521 0.9093491 0.8822374 0.8511087 0.8701177 0.8981848 1.0829404 0.8457818 0.9094466 0.9210674 0.8823756 0.8298832 0.9520463 0.8540422 0.4938075 0.0570396 0.0172654 0.3780765 0.2275143 0.5043500 0.0485838 0.5302518 0.4514906 0.4668386 0.4474456 0.3738627 0.8158383 0.3684835 0.3795874 0.3877571 0.2116561 0.3845109 0.4027954 0.5167458 0.0142814 0.3994105 0.3793892 0.3819918 0.4019009 0.4118973 0.4654312 0.4016482 0.4262998 0.3867600 0.3553258 0.4382476 0.3763431 0.7888098 0.3851260 0.4150534 0.4361728 0.0000000 0.0540381 0.3368165 0.5258513 0.0558366 0.3955043 0.3479947 0.4232648 0.3747197 0.3735498 0.3941449 0.3579933 0.6863061 0.4003356 
Euteleosteomorpha_Poecilia_latipinna            0.8754999 0.7898723 0.9244280 0.9200326 0.8742524 0.8613339 0.8669167 0.8963480 1.0676531 0.8434852 0.9143250 0.9224968 0.8726189 0.8394261 0.9422022 0.8603581 0.4967574 0.0124617 0.0517527 0.3746569 0.2241482 0.4989148 0.0309000 0.5264184 0.4523260 0.4689851 0.4443676 0.3739128 0.8088940 0.3736243 0.3750093 0.3841604 0.2113368 0.3791678 0.4035140 0.5019141 0.0570386 0.3904317 0.3748032 0.3803217 0.4048274 0.4026194 0.4459707 0.4035656 0.4203940 0.3883499 0.3539230 0.4328594 0.3837611 0.7967389 0.3769299 0.4200023 0.4337846 0.0540381 0.0000000 0.3318072 0.5227238 0.0090437 0.3945303 0.3507452 0.4127130 0.3716715 0.3800110 0.3932129 0.3553283 0.6874557 0.4021711 
