67
Ictalurus_punctatus           0.0000000 0.8038045 0.8611183 0.8907604 0.8973341 0.3817234 0.1239593 0.8630831 1.3162491 0.4055806 0.2209524 0.8708649 0.4560725 0.3651664 1.0916991 0.9069276 0.9577741 0.8810445 0.8792255 0.8290823 0.9483062 0.9390704 0.8776781 0.9026155 0.8094655 0.8677065 0.8632581 0.8459077 0.8986464 0.8330373 0.8181132 0.8443292 0.9532745 0.8231280 0.8426211 0.8403703 0.8782068 0.7978124 0.8091442 0.8436602 0.8582195 0.9002328 0.9017019 0.8638667 0.8794942 0.8354504 0.8085439 0.9541117 0.8609803 0.8786715 0.8140544 0.8395813 0.8593174 0.8850684 0.8746864 0.7618812 0.9555641 0.8875462 0.8466852 0.8799274 0.8985061 0.8611667 0.8016925 0.8459513 0.8040638 1.0701676 0.8629547 
Chanos_chanos                 0.8038045 0.0000000 0.8076612 0.8551893 0.7790725 0.7259455 0.7829731 0.8270802 1.2259210 0.7410105 0.8192655 0.8125623 0.7644678 0.7164114 1.0835790 0.8042292 0.8475324 0.7946800 0.8083158 0.7507001 0.8568931 0.8370481 0.8008044 0.8365479 0.7884738 0.7641004 0.7843420 0.7467171 0.8461383 0.7105439 0.7143058 0.7394651 0.8762548 0.7480690 0.7509109 0.8127640 0.7964704 0.7319332 0.7436068 0.7369855 0.7561222 0.8035054 0.7705982 0.7576041 0.7923834 0.7328555 0.7135778 0.8249886 0.7388587 0.8024833 0.7227757 0.7321090 0.7700586 0.7980899 0.7891555 0.6687087 0.8194307 0.7917105 0.7705391 0.7614984 0.7956649 0.7490915 0.7118570 0.7697771 0.7054588 0.9734834 0.7583229 
Sinocyclocheilus_rhinocerous  0.8611183 0.8076612 0.0000000 0.1411634 0.9055759 0.7804786 0.8777998 0.1086188 1.2665069 0.7983683 0.8622583 0.0205828 0.8205653 0.7776803 1.0687230 0.9493829 0.9639963 0.9213711 0.9011132 0.8448519 0.9383303 0.9754368 0.9179830 0.9799829 0.9461518 0.8724627 0.9022496 0.8376266 0.9151344 0.8329763 0.8528155 0.8799995 0.9834232 0.8788974 0.8526685 0.8567310 0.9081042 0.8736880 0.8446723 0.8828395 0.8807825 0.9176737 0.9272774 0.8846181 0.9214243 0.8526222 0.8163693 0.9271130 0.8894087 0.8982630 0.8721669 0.8345672 0.9123809 0.9214062 0.9235883 0.7496253 0.9059595 0.9228558 0.8857865 0.9024149 0.8920596 0.8846651 0.8308289 0.8842783 0.8197442 1.0983500 0.8823899 
Carassius_auratus             0.8907604 0.8551893 0.1411634 0.0000000 0.9248230 0.7816389 0.8881388 0.0859318 1.2262201 0.7899642 0.8804267 0.1448219 0.8230540 0.7834139 1.0519440 0.9730331 0.9676886 0.9183055 0.8917961 0.8508152 0.9513718 0.9472309 0.9191899 0.9773261 0.9448051 0.8915710 0.9220104 0.8564948 0.9170793 0.8668967 0.8552244 0.8837003 0.9946518 0.8758809 0.8703047 0.8527212 0.8961987 0.8643478 0.8465466 0.8861194 0.9104382 0.9284592 0.9237923 0.9122123 0.9113996 0.8613111 0.8242815 0.9371835 0.8963271 0.9040528 0.8783278 0.8423682 0.9006826 0.9084882 0.9191742 0.7698276 0.9072664 0.9169068 0.9132999 0.9282240 0.9057197 0.8780207 0.8379679 0.9125008 0.8283601 1.0637358 0.9118198 
Denticeps_clupeoides          0.8973341 0.7790725 0.9055759 0.9248230 0.0000000 0.7814114 0.8761207 0.8902433 1.2400957 0.8179044 0.8995499 0.9116692 0.8249795 0.7957164 1.0726689 0.8114058 0.8618485 0.8742147 0.8712449 0.7857645 0.9173971 0.9058008 0.8779921 0.9139901 0.8170360 0.8397193 0.8377837 0.8088431 0.8532610 0.7888124 0.7636614 0.7902894 0.9176461 0.8236968 0.7878673 0.8498019 0.8634810 0.8321335 0.8081427 0.8020229 0.8308517 0.9127572 0.8608485 0.8334329 0.8435409 0.8182384 0.7646434 0.8942936 0.8224015 0.8376182 0.7850009 0.7963625 0.8351234 0.8814856 0.8734920 0.7363894 0.8715683 0.8682551 0.8422392 0.8860099 0.8704535 0.7888302 0.7747094 0.8358252 0.7627399 1.0538188 0.8325985 
Pygocentrus_nattereri         0.3817234 0.7259455 0.7804786 0.7816389 0.7814114 0.0000000 0.3599936 0.7703766 1.2198985 0.3067521 0.4433060 0.7854027 0.2956714 0.0644865 0.9604567 0.8556994 0.9835816 0.8618563 0.8451291 0.8449203 0.9087250 0.9514681 0.8486075 0.9299886 0.8541352 0.8414049 0.8581978 0.8287711 0.7779243 0.8319172 0.8440577 0.8354585 0.9308518 0.8443522 0.8500815 0.8185020 0.8409666 0.8230755 0.8209759 0.8270678 0.8111826 0.8892764 0.9018886 0.8037475 0.8652123 0.8316881 0.8060340 0.8935731 0.8447473 0.7354903 0.8401515 0.8532719 0.8352363 0.8503674 0.8605858 0.7151755 0.8638686 0.8669876 0.8047418 0.8604172 0.8677288 0.8257636 0.8342219 0.8056864 0.7983959 1.0084694 0.8063033 
Pangasianodon_hypophthalmus   0.1239593 0.7829731 0.8777998 0.8881388 0.8761207 0.3599936 0.0000000 0.8677590 1.3216212 0.3725748 0.1935332 0.8775513 0.4284860 0.3440925 1.0810182 0.9006942 0.9958141 0.8659695 0.8648740 0.8380842 0.9324840 0.9622825 0.8625203 0.8927258 0.7950302 0.8498099 0.8563403 0.8462141 0.8713077 0.8246199 0.8092182 0.8204562 0.9532460 0.8330164 0.8363368 0.8341756 0.8623707 0.8064769 0.8145370 0.8268162 0.8297182 0.8868709 0.9225989 0.8358905 0.8915086 0.8349627 0.8068435 0.9312745 0.8440554 0.8639624 0.8148392 0.8507753 0.8333347 0.8693354 0.8661006 0.7379694 0.9478041 0.8739101 0.8243080 0.8597926 0.8978305 0.8411089 0.8090476 0.8244781 0.8004566 1.0569147 0.8384417 
Sinocyclocheilus_grahami      0.8630831 0.8270802 0.1086188 0.0859318 0.8902433 0.7703766 0.8677590 0.0000000 1.2170669 0.7861678 0.8613310 0.1107347 0.7948943 0.7632186 1.0584960 0.9511948 0.9540048 0.8987056 0.8804153 0.8328414 0.9479908 0.9609397 0.8922744 0.9846462 0.9298859 0.8791348 0.8975355 0.8243035 0.9238024 0.8315505 0.8434548 0.8673022 0.9539823 0.8502771 0.8425516 0.8488592 0.8857620 0.8612139 0.8403110 0.8630401 0.8843205 0.9049651 0.9089460 0.8841394 0.9132332 0.8538855 0.8036573 0.9334663 0.8798328 0.9028773 0.8582382 0.8217780 0.8882611 0.8974212 0.8955843 0.7601189 0.9139867 0.8983997 0.8888096 0.8903368 0.8995750 0.8568138 0.8206238 0.8862847 0.8025704 1.0697496 0.8845032 
Danio_rerio                   1.3162491 1.2259210 1.2665069 1.2262201 1.2400957 1.2198985 1.3216212 1.2170669 0.0000000 1.2861705 1.3218961 1.2665734 1.3202140 1.2183625 0.6136399 1.2375724 1.1429091 1.0872828 1.0756183 1.0164462 1.1538495 1.1208630 1.0790849 1.1270189 1.0613908 1.0562141 1.0943632 0.9826633 1.3546623 0.9928608 1.0083458 1.0430452 1.1843093 1.0502387 0.9990236 1.0552389 1.0871537 1.0431929 1.0020654 1.0317479 1.0500806 1.1098847 1.0860702 1.0489947 1.0721226 0.9749731 0.9730745 1.1763928 1.0211362 1.3264171 1.0253129 1.0516030 1.0497304 1.0817707 1.0664715 0.8930626 1.2004764 1.0922736 1.0328464 1.0390922 1.1155170 1.0196527 0.9858628 1.0329016 0.9645088 1.3255179 1.0478257 
Electrophorus_electricus      0.4055806 0.7410105 0.7983683 0.7899642 0.8179044 0.3067521 0.3725748 0.7861678 1.2861705 0.0000000 0.4368271 0.7996652 0.3662784 0.2901277 1.0991006 0.8886581 0.9053432 0.8609056 0.8438760 0.8160549 0.9427833 0.9090794 0.8534543 0.8940881 0.8246143 0.7992577 0.8554120 0.7961588 0.8162244 0.7950886 0.8011396 0.8084706 0.9203671 0.8029340 0.8310239 0.8070829 0.8443463 0.8007763 0.8129406 0.7940947 0.7914382 0.8674141 0.8597045 0.7850156 0.8518383 0.7956926 0.7719512 0.8975247 0.8256245 0.8117199 0.8080049 0.8218180 0.7991450 0.8450817 0.8427713 0.7013705 0.8883918 0.8617576 0.7867820 0.8504367 0.8789348 0.7993227 0.7893502 0.7878127 0.7661775 1.0090414 0.7870414 
Tachysurus_fulvidraco         0.2209524 0.8192655 0.8622583 0.8804267 0.8995499 0.4433060 0.1935332 0.8613310 1.3218961 0.4368271 0.0000000 0.8697627 0.4937742 0.4226157 1.0734330 0.9186922 1.0143089 0.9239491 0.9115376 0.8635961 0.9831258 0.9955218 0.9220316 0.9373222 0.8475304 0.9014796 0.8971741 0.8588423 0.8955180 0.8564440 0.8437414 0.8713045 0.9858705 0.8554506 0.8720430 0.8672307 0.9073559 0.8476662 0.8732051 0.8706818 0.8766445 0.9237863 0.9486152 0.8829848 0.9075270 0.8843082 0.8447442 0.9663356 0.8893423 0.9008180 0.8344648 0.8614684 0.8647075 0.9085711 0.9134066 0.7721385 0.9604945 0.9281539 0.8709711 0.9039384 0.9274024 0.8812000 0.8310610 0.8691591 0.8374423 1.0774798 0.8828901 
Sinocyclocheilus_anshuiensis  0.8708649 0.8125623 0.0205828 0.1448219 0.9116692 0.7854027 0.8775513 0.1107347 1.2665734 0.7996652 0.8697627 0.0000000 0.8194933 0.7776035 1.0832843 0.9413095 0.9697562 0.9208373 0.9036914 0.8518457 0.9474833 0.9671193 0.9160880 0.9892489 0.9447437 0.8837240 0.9128525 0.8416639 0.9147763 0.8445843 0.8589250 0.8785058 0.9984614 0.8785196 0.8628229 0.8571123 0.9098744 0.8843869 0.8523939 0.8859716 0.8824260 0.9221575 0.9307459 0.8853789 0.9287232 0.8607484 0.8210039 0.9308292 0.8955834 0.8927439 0.8784318 0.8342707 0.9091295 0.9202104 0.9216546 0.7516422 0.8945667 0.9232719 0.8865420 0.9137146 0.8861079 0.8881892 0.8313674 0.8850347 0.8218337 1.0922680 0.8831526 
Astyanax_mexicanus            0.4560725 0.7644678 0.8205653 0.8230540 0.8249795 0.2956714 0.4284860 0.7948943 1.3202140 0.3662784 0.4937742 0.8194933 0.0000000 0.2858656 1.1047122 0.8542368 0.9644451 0.8888170 0.8757641 0.8255602 0.9495123 0.9493557 0.8628816 0.8802474 0.8314581 0.8492313 0.8505619 0.8061902 0.8220695 0.8022324 0.7900660 0.8265616 0.9706844 0.8330748 0.8389581 0.8037441 0.8788756 0.8135973 0.8294197 0.8054107 0.8140463 0.8839401 0.8659913 0.8186015 0.8531816 0.8324864 0.7851189 0.9274029 0.8525946 0.8004434 0.8002058 0.8407980 0.8166145 0.8815459 0.8717784 0.7070483 0.8827851 0.8826267 0.7996258 0.8470295 0.8701411 0.8266622 0.7985893 0.8017073 0.7781426 1.0200218 0.8210083 
Colossoma_macropomum          0.3651664 0.7164114 0.7776803 0.7834139 0.7957164 0.0644865 0.3440925 0.7632186 1.2183625 0.2901277 0.4226157 0.7776035 0.2858656 0.0000000 0.9854341 0.8389111 0.9591674 0.8386294 0.8279953 0.8203726 0.9005354 0.9591137 0.8225547 0.8898994 0.8387240 0.8215354 0.8437481 0.8085332 0.7462726 0.8080506 0.8158846 0.8137213 0.9150747 0.8316456 0.8240781 0.8037125 0.8239064 0.7961364 0.7980538 0.8000712 0.8189953 0.8880293 0.8729577 0.8082485 0.8520331 0.8126363 0.7869213 0.8967605 0.8520057 0.7491935 0.8152803 0.8239563 0.8224723 0.8291719 0.8386997 0.7158936 0.8665777 0.8436229 0.8128947 0.8424178 0.8739390 0.8057586 0.7961848 0.8112888 0.7819185 1.0079768 0.8107777 
Puntigrus_tetrazona           1.0916991 1.0835790 1.0687230 1.0519440 1.0726689 0.9604567 1.0810182 1.0584960 0.6136399 1.0991006 1.0734330 1.0832843 1.1047122 0.9854341 0.0000000 1.0360170 0.9928590 0.9436082 0.9531857 0.9019887 0.9711282 0.9824685 0.9472034 0.9916664 0.9458693 0.9040755 0.9434192 0.9064076 1.0827757 0.9224517 0.9078362 0.9094316 0.9881573 0.9708068 0.8899748 0.9270209 0.9490708 0.9089666 0.9000685 0.9348071 0.9414003 0.9803566 0.9515503 0.9453977 0.9222696 0.8799269 0.8740776 1.0056845 0.9323115 1.0735209 0.9014933 0.9368415 0.9278796 0.9511322 0.9412918 0.7987882 1.0264764 0.9497908 0.9411325 0.9344320 0.9837192 0.9387288 0.8789374 0.9417198 0.8535173 1.1089839 0.9453533 
Clupea_harengus               0.9069276 0.8042292 0.9493829 0.9730331 0.8114058 0.8556994 0.9006942 0.9511948 1.2375724 0.8886581 0.9186922 0.9413095 0.8542368 0.8389111 1.0360170 0.0000000 0.9088161 0.8624048 0.8593555 0.8103860 0.8880027 0.9028414 0.8537259 0.8945863 0.8558495 0.8852202 0.8941567 0.8263834 0.9341683 0.8329333 0.8022573 0.8126592 0.9451046 0.8267605 0.8165984 0.8003047 0.8592394 0.8338153 0.8191499 0.8260747 0.8331727 0.8876395 0.8626043 0.8349866 0.9052212 0.8280860 0.7878592 0.8941726 0.8428494 0.8926103 0.8123065 0.8147299 0.8524779 0.8532064 0.8595071 0.7140311 0.9314687 0.8628767 0.8441288 0.9037546 0.8700180 0.8421864 0.7756738 0.8437194 0.7748173 1.0745177 0.8345168 
Salarias_fasciatus            0.9577741 0.8475324 0.9639963 0.9676886 0.8618485 0.9835816 0.9958141 0.9540048 1.1429091 0.9053432 1.0143089 0.9697562 0.9644451 0.9591674 0.9928590 0.9088161 0.0000000 0.4967365 0.4950931 0.3594023 0.5342489 0.4816369 0.5000564 0.5404531 0.4545079 0.4784046 0.4326704 0.3724938 0.8831969 0.3796405 0.3700644 0.3841180 0.5280649 0.3847250 0.3828294 0.5205790 0.4952349 0.3932071 0.3860534 0.3736619 0.4010876 0.5009765 0.4886368 0.3990781 0.4430992 0.3813340 0.3535185 0.5305532 0.3824205 0.8705095 0.3749313 0.4062388 0.4281656 0.4934828 0.4964264 0.3549517 0.5267802 0.4981207 0.3960559 0.4735907 0.4970145 0.3652388 0.3651295 0.3937423 0.3511001 0.7045227 0.3992347 
Poecilia_mexicana             0.8810445 0.7946800 0.9213711 0.9183055 0.8742147 0.8618563 0.8659695 0.8987056 1.0872828 0.8609056 0.9239491 0.9208373 0.8888170 0.8386294 0.9436082 0.8624048 0.4967365 0.0000000 0.0540291 0.3797420 0.2250337 0.4978906 0.0328009 0.5333203 0.4582894 0.4760300 0.4452718 0.3768879 0.8029237 0.3768253 0.3773842 0.3856791 0.2123322 0.3813032 0.4044651 0.5027985 0.0590674 0.3929440 0.3728127 0.3842754 0.4072268 0.4060043 0.4471998 0.4059644 0.4184780 0.3867033 0.3553857 0.4419734 0.3843358 0.7835186 0.3794571 0.4248319 0.4361004 0.0570338 0.0124611 0.3339728 0.5168815 0.0047309 0.3968391 0.3561305 0.4216374 0.3748299 0.3843325 0.3955125 0.3578780 0.6920562 0.4047052 
Xiphophorus_couchianus        0.8792255 0.8083158 0.9011132 0.8917961 0.8712449 0.8451291 0.8648740 0.8804153 1.0756183 0.8438760 0.9115376 0.9036914 0.8757641 0.8279953 0.9531857 0.8593555 0.4950931 0.0540291 0.0000000 0.3704740 0.2211587 0.5017233 0.0445252 0.5224406 0.4479832 0.4649938 0.4474695 0.3649337 0.8155275 0.3649621 0.3715567 0.3821147 0.2029081 0.3796767 0.3930749 0.5114253 0.0150370 0.3931994 0.3776279 0.3775627 0.3898516 0.4017147 0.4513250 0.3896918 0.4153833 0.3851284 0.3462113 0.4281946 0.3720818 0.7871075 0.3822892 0.4144647 0.4349025 0.0172647 0.0517475 0.3288636 0.5206655 0.0531704 0.3841787 0.3383408 0.4137189 0.3712111 0.3727329 0.3828547 0.3485440 0.6830677 0.3884339 
Cottoperca_gobio              0.8290823 0.7507001 0.8448519 0.8508152 0.7857645 0.8449203 0.8380842 0.8328414 1.0164462 0.8160549 0.8635961 0.8518457 0.8255602 0.8203726 0.9019887 0.8103860 0.3594023 0.3797420 0.3704740 0.0000000 0.4085844 0.4160275 0.3787991 0.4106454 0.1795142 0.3413629 0.3192293 0.1537501 0.7638337 0.2063903 0.2096263 0.2335097 0.3987611 0.2211317 0.1662798 0.4380070 0.3710868 0.2450160 0.2400211 0.2393007 0.2698509 0.3768182 0.2788867 0.2696218 0.2829059 0.2721229 0.1306023 0.4217635 0.2620449 0.7397404 0.2294688 0.2719272 0.3157403 0.3778720 0.3744520 0.2534485 0.4267567 0.3797702 0.2644888 0.3317477 0.4003836 0.2385467 0.1851267 0.2626848 0.1308738 0.6057745 0.2699204 
Cyprinodon_variegatus         0.9483062 0.8568931 0.9383303 0.9513718 0.9173971 0.9087250 0.9324840 0.9479908 1.1538495 0.9427833 0.9831258 0.9474833 0.9495123 0.9005354 0.9711282 0.8880027 0.5342489 0.2250337 0.2211587 0.4085844 0.0000000 0.5546225 0.2152986 0.5516033 0.4929165 0.5141394 0.4800807 0.4010727 0.8849484 0.4132343 0.4022717 0.4102297 0.2536189 0.4112693 0.4383603 0.5016572 0.2290452 0.4184790 0.4011122 0.4111751 0.4285255 0.4573398 0.5194265 0.4293472 0.4496493 0.4246928 0.3910585 0.4752719 0.4209823 0.8273559 0.4108108 0.4561052 0.4642641 0.2274273 0.2240668 0.3660367 0.5459513 0.2263896 0.4216801 0.3780835 0.4567741 0.3996926 0.4152412 0.4185659 0.3914419 0.7148908 0.4291370 
Gouania_willdenowi            0.9390704 0.8370481 0.9754368 0.9472309 0.9058008 0.9514681 0.9622825 0.9609397 1.1208630 0.9090794 0.9955218 0.9671193 0.9493557 0.9591137 0.9824685 0.9028414 0.4816369 0.4978906 0.5017233 0.4160275 0.5546225 0.0000000 0.5051762 0.5527910 0.4946972 0.5150840 0.4584010 0.4176671 0.9245080 0.4253578 0.4377498 0.4251200 0.5522661 0.4292348 0.4480662 0.5596558 0.5023165 0.4305574 0.4416732 0.4275970 0.4453777 0.5156652 0.5560228 0.4488131 0.4950341 0.4460209 0.4069701 0.5391432 0.4302184 0.8994455 0.4308136 0.4610149 0.4687030 0.5039739 0.4985586 0.4037256 0.5624361 0.5008971 0.4492622 0.4969104 0.5073241 0.4160126 0.4219084 0.4466462 0.3987858 0.7171410 0.4489598 
Poecilia_reticulata           0.8776781 0.8008044 0.9179830 0.9191899 0.8779921 0.8486075 0.8625203 0.8922744 1.0790849 0.8534543 0.9220316 0.9160880 0.8628816 0.8225547 0.9472034 0.8537259 0.5000564 0.0328009 0.0445252 0.3787991 0.2152986 0.5051762 0.0000000 0.5311026 0.4532515 0.4660190 0.4485941 0.3743269 0.8173526 0.3720307 0.3722395 0.3829788 0.2044667 0.3802109 0.4044891 0.5021149 0.0498190 0.3907864 0.3740061 0.3800862 0.4005756 0.4029929 0.4477141 0.4004697 0.4160651 0.3878667 0.3517525 0.4325623 0.3859372 0.7925781 0.3750712 0.4234946 0.4307578 0.0485787 0.0308980 0.3312088 0.5240557 0.0312182 0.3942395 0.3438356 0.4180940 0.3732074 0.3774716 0.3929204 0.3578118 0.6945790 0.3992284 
Takifugu_rubripes             0.9026155 0.8365479 0.9799829 0.9773261 0.9139901 0.9299886 0.8927258 0.9846462 1.1270189 0.8940881 0.9373222 0.9892489 0.8802474 0.8898994 0.9916664 0.8945863 0.5404531 0.5333203 0.5224406 0.4106454 0.5516033 0.5527910 0.5311026 0.0000000 0.5077157 0.5271172 0.4775561 0.4003387 0.8524450 0.3815090 0.4058643 0.4080458 0.5450582 0.3974962 0.4158702 0.5564036 0.5281567 0.4220873 0.3984797 0.4120455 0.4589422 0.5327568 0.4758423 0.4556271 0.4560488 0.4236234 0.3832845 0.5377747 0.4438778 0.8242968 0.4187481 0.4544050 0.4635173 0.5298984 0.5260618 0.3802790 0.5619813 0.5330066 0.4582618 0.4882151 0.5142724 0.4212736 0.3838012 0.4564325 0.3778817 0.7317311 0.4552626 
Notothenia_coriiceps          0.8094655 0.7884738 0.9461518 0.9448051 0.8170360 0.8541352 0.7950302 0.9298859 1.0613908 0.8246143 0.8475304 0.9447437 0.8314581 0.8387240 0.9458693 0.8558495 0.4545079 0.4582894 0.4479832 0.1795142 0.4929165 0.4946972 0.4532515 0.5077157 0.0000000 0.4456334 0.3818777 0.2465643 0.8487524 0.2736835 0.2753612 0.3024654 0.4909192 0.2907714 0.2391578 0.5177857 0.4457135 0.3393508 0.3200160 0.3131732 0.3548447 0.4468012 0.3536555 0.3538736 0.3592096 0.3394413 0.2105728 0.4871199 0.3491510 0.7984888 0.2940233 0.3472674 0.3848281 0.4512227 0.4520673 0.3063622 0.4779493 0.4599607 0.3543615 0.3859264 0.4453173 0.3065058 0.2554742 0.3518380 0.2051574 0.6871604 0.3535834 
Myripristis_murdjan           0.8677065 0.7641004 0.8724627 0.8915710 0.8397193 0.8414049 0.8498099 0.8791348 1.0562141 0.7992577 0.9014796 0.8837240 0.8492313 0.8215354 0.9040755 0.8852202 0.4784046 0.4760300 0.4649938 0.3413629 0.5141394 0.5150840 0.4660190 0.5271172 0.4456334 0.0000000 0.4300535 0.3399059 0.8046356 0.3478167 0.3305746 0.3622393 0.4971622 0.3491800 0.3378631 0.5213583 0.4653084 0.3728855 0.3589448 0.3597992 0.4058912 0.4761053 0.3929126 0.4069264 0.4104190 0.3757508 0.3276044 0.5310712 0.3808964 0.7754408 0.3670688 0.3834021 0.3970796 0.4665435 0.4686755 0.3505402 0.5205671 0.4768530 0.4011889 0.4379751 0.4867928 0.3658041 0.3267833 0.3988882 0.3216987 0.6202340 0.4072465 
Betta_splendens               0.8632581 0.7843420 0.9022496 0.9220104 0.8377837 0.8581978 0.8563403 0.8975355 1.0943632 0.8554120 0.8971741 0.9128525 0.8505619 0.8437481 0.9434192 0.8941567 0.4326704 0.4452718 0.4474695 0.3192293 0.4800807 0.4584010 0.4485941 0.4775561 0.3818777 0.4300535 0.0000000 0.3136623 0.7960196 0.3186172 0.3010172 0.3299012 0.4679416 0.3457096 0.3319124 0.4696480 0.4486427 0.2171910 0.2794918 0.3290699 0.3515697 0.4637718 0.3611913 0.3495100 0.3747636 0.3425461 0.3005966 0.4913813 0.3441734 0.8175021 0.2923437 0.3564150 0.3769959 0.4472001 0.4441072 0.3127754 0.4950216 0.4462415 0.3494843 0.4050488 0.4550627 0.3299450 0.2852494 0.3477592 0.2942687 0.6870624 0.3497735 
Etheostoma_spectabile         0.8459077 0.7467171 0.8376266 0.8564948 0.8088431 0.8287711 0.8462141 0.8243035 0.9826633 0.7961588 0.8588423 0.8416639 0.8061902 0.8085332 0.9064076 0.8263834 0.3724938 0.3768879 0.3649337 0.1537501 0.4010727 0.4176671 0.3743269 0.4003387 0.2465643 0.3399059 0.3136623 0.0000000 0.7653287 0.2028630 0.1999163 0.2360704 0.3997522 0.2128222 0.1717326 0.4357141 0.3669269 0.2465815 0.2281828 0.2347283 0.2809028 0.3829588 0.2776140 0.2803180 0.2829422 0.2700436 0.0589701 0.4019581 0.2659019 0.7515044 0.2287292 0.2586951 0.3053350 0.3736863 0.3737364 0.2503140 0.4306149 0.3771853 0.2773297 0.3206534 0.3739879 0.2316289 0.1830841 0.2759751 0.0616242 0.6204878 0.2801496 
Salmo_salar                   0.8986464 0.8461383 0.9151344 0.9170793 0.8532610 0.7779243 0.8713077 0.9238024 1.3546623 0.8162244 0.8955180 0.9147763 0.8220695 0.7462726 1.0827757 0.9341683 0.8831969 0.8029237 0.8155275 0.7638337 0.8849484 0.9245080 0.8173526 0.8524450 0.8487524 0.8046356 0.7960196 0.7653287 0.0000000 0.7575696 0.7551453 0.8038161 0.8980683 0.7720730 0.7726936 0.8132639 0.8099625 0.7887359 0.7554019 0.7791034 0.8105481 0.8452829 0.8330206 0.8178298 0.8167045 0.7807243 0.7422810 0.8919398 0.8007140 0.3219676 0.7595144 0.8016988 0.8056988 0.8152287 0.8082690 0.7017031 0.9212594 0.8102148 0.8088336 0.8317729 0.8515944 0.7830124 0.7483942 0.8028404 0.7270970 0.9694153 0.8178079 
Larimichthys_crocea           0.8330373 0.7105439 0.8329763 0.8668967 0.7888124 0.8319172 0.8246199 0.8315505 0.9928608 0.7950886 0.8564440 0.8445843 0.8022324 0.8080506 0.9224517 0.8329333 0.3796405 0.3768253 0.3649621 0.2063903 0.4132343 0.4253578 0.3720307 0.3815090 0.2736835 0.3478167 0.3186172 0.2028630 0.7575696 0.0000000 0.2115031 0.2405618 0.4054671 0.1846331 0.2151655 0.4315593 0.3644879 0.2494535 0.2418250 0.2403869 0.2819533 0.3725223 0.2674775 0.2826513 0.2731027 0.2736605 0.1790290 0.4033184 0.2690929 0.7757901 0.2358679 0.2683859 0.2972434 0.3682951 0.3734364 0.2571479 0.4281141 0.3752538 0.2735127 0.3142294 0.3810328 0.2365783 0.1910326 0.2725225 0.1783147 0.6153135 0.2820511 
Lates_calcarifer              0.8181132 0.7143058 0.8528155 0.8552244 0.7636614 0.8440577 0.8092182 0.8434548 1.0083458 0.8011396 0.8437414 0.8589250 0.7900660 0.8158846 0.9078362 0.8022573 0.3700644 0.3773842 0.3715567 0.2096263 0.4022717 0.4377498 0.3722395 0.4058643 0.2753612 0.3305746 0.3010172 0.1999163 0.7551453 0.2115031 0.0000000 0.2360105 0.4089147 0.2212411 0.2190581 0.4283065 0.3734392 0.2266662 0.2157854 0.2320685 0.2740237 0.3779664 0.2307028 0.2718094 0.2859894 0.2791685 0.1768546 0.4062981 0.2619524 0.7473519 0.2152762 0.2108189 0.2979074 0.3793665 0.3747936 0.2457714 0.4347785 0.3767640 0.2742001 0.3199108 0.3708205 0.2268914 0.1329249 0.2726815 0.1794304 0.6182092 0.2711772 
Stegastes_partitus            0.8443292 0.7394651 0.8799995 0.8837003 0.7902894 0.8354585 0.8204562 0.8673022 1.0430452 0.8084706 0.8713045 0.8785058 0.8265616 0.8137213 0.9094316 0.8126592 0.3841180 0.3856791 0.3821147 0.2335097 0.4102297 0.4251200 0.3829788 0.4080458 0.3024654 0.3622393 0.3299012 0.2360704 0.8038161 0.2405618 0.2360105 0.0000000 0.4362262 0.2499854 0.2591428 0.4481198 0.3813638 0.2659648 0.2609818 0.1170292 0.2699738 0.3650995 0.3532305 0.2686597 0.3188472 0.2573788 0.2159838 0.3986104 0.2481662 0.7920612 0.2460259 0.2841469 0.3135326 0.3875749 0.3839751 0.2531892 0.4278562 0.3841389 0.2682156 0.3154997 0.3733129 0.1096218 0.2090860 0.2666884 0.2116839 0.6604686 0.2688504 
Fundulus_heteroclitus         0.9532745 0.8762548 0.9834232 0.9946518 0.9176461 0.9308518 0.9532460 0.9539823 1.1843093 0.9203671 0.9858705 0.9984614 0.9706844 0.9150747 0.9881573 0.9451046 0.5280649 0.2123322 0.2029081 0.3987611 0.2536189 0.5522661 0.2044667 0.5450582 0.4909192 0.4971622 0.4679416 0.3997522 0.8980683 0.4054671 0.4089147 0.4362262 0.0000000 0.4125300 0.4130956 0.5276538 0.2097322 0.4213301 0.4155824 0.4221837 0.4328392 0.4704630 0.4910185 0.4317446 0.4583712 0.4433078 0.3787443 0.4903457 0.4299052 0.8743409 0.4152050 0.4652200 0.4699431 0.2115972 0.2112757 0.3613467 0.5697570 0.2126686 0.4280786 0.3980343 0.4644841 0.4194935 0.3968544 0.4259447 0.3802657 0.7392942 0.4310474 
Sparus_aurata                 0.8231280 0.7480690 0.8788974 0.8758809 0.8236968 0.8443522 0.8330164 0.8502771 1.0502387 0.8029340 0.8554506 0.8785196 0.8330748 0.8316456 0.9708068 0.8267605 0.3847250 0.3813032 0.3796767 0.2211317 0.4112693 0.4292348 0.3802109 0.3974962 0.2907714 0.3491800 0.3457096 0.2128222 0.7720730 0.1846331 0.2212411 0.2499854 0.4125300 0.0000000 0.2300690 0.4536678 0.3810658 0.2640758 0.2579304 0.2460619 0.2976274 0.3972917 0.2987281 0.2995519 0.2945358 0.3020373 0.1915186 0.4107664 0.2909038 0.7468899 0.2496193 0.2809060 0.3255128 0.3843050 0.3789606 0.2634542 0.4686224 0.3811564 0.2943082 0.3245214 0.3748093 0.2435376 0.2068484 0.2933379 0.1889137 0.6336215 0.2993649 
Anarrhichthys_ocellatus       0.8426211 0.7509109 0.8526685 0.8703047 0.7878673 0.8500815 0.8363368 0.8425516 0.9990236 0.8310239 0.8720430 0.8628229 0.8389581 0.8240781 0.8899748 0.8165984 0.3828294 0.4044651 0.3930749 0.1662798 0.4383603 0.4480662 0.4044891 0.4158702 0.2391578 0.3378631 0.3319124 0.1717326 0.7726936 0.2151655 0.2190581 0.2591428 0.4130956 0.2300690 0.0000000 0.4638158 0.3982847 0.2669103 0.2494210 0.2446798 0.2903877 0.4025813 0.2876667 0.2929651 0.2930188 0.2914758 0.1422383 0.4338540 0.2737786 0.7593543 0.2401649 0.2744281 0.3288482 0.4025795 0.4032968 0.2694602 0.4380683 0.4028270 0.2904008 0.3270515 0.3894240 0.2444103 0.1957289 0.2878288 0.1408670 0.6019411 0.2927847 
Boleophthalmus_pectinirostris 0.8403703 0.8127640 0.8567310 0.8527212 0.8498019 0.8185020 0.8341756 0.8488592 1.0552389 0.8070829 0.8672307 0.8571123 0.8037441 0.8037125 0.9270209 0.8003047 0.5205790 0.5027985 0.5114253 0.4380070 0.5016572 0.5596558 0.5021149 0.5564036 0.5177857 0.5213583 0.4696480 0.4357141 0.8132639 0.4315593 0.4283065 0.4481198 0.5276538 0.4536678 0.4638158 0.0000000 0.5070922 0.4360596 0.4317056 0.4444018 0.4637573 0.5305595 0.4691523 0.4637642 0.4784664 0.4263857 0.4154979 0.5088998 0.4573675 0.7834053 0.4331113 0.4356871 0.4034759 0.5164230 0.5016174 0.4099900 0.5829838 0.5045062 0.4598230 0.4765570 0.5162947 0.4411339 0.4194318 0.4600306 0.4126009 0.7255983 0.4635424 
Xiphophorus_maculatus         0.8782068 0.7964704 0.9081042 0.8961987 0.8634810 0.8409666 0.8623707 0.8857620 1.0871537 0.8443463 0.9073559 0.9098744 0.8788756 0.8239064 0.9490708 0.8592394 0.4952349 0.0590674 0.0150370 0.3710868 0.2290452 0.5023165 0.0498190 0.5281567 0.4457135 0.4653084 0.4486427 0.3669269 0.8099625 0.3644879 0.3734392 0.3813638 0.2097322 0.3810658 0.3982847 0.5070922 0.0000000 0.3931453 0.3781176 0.3744814 0.3969673 0.4029637 0.4559077 0.3967640 0.4179140 0.3832457 0.3485846 0.4340227 0.3699031 0.7819185 0.3825451 0.4120455 0.4337960 0.0142808 0.0570330 0.3338097 0.5188168 0.0587660 0.3896437 0.3415748 0.4197816 0.3695472 0.3691271 0.3882804 0.3509431 0.6827783 0.3954561 
Anabas_testudineus            0.7978124 0.7319332 0.8736880 0.8643478 0.8321335 0.8230755 0.8064769 0.8612139 1.0431929 0.8007763 0.8476662 0.8843869 0.8135973 0.7961364 0.9089666 0.8338153 0.3932071 0.3929440 0.3931994 0.2450160 0.4184790 0.4305574 0.3907864 0.4220873 0.3393508 0.3728855 0.2171910 0.2465815 0.7887359 0.2494535 0.2266662 0.2659648 0.4213301 0.2640758 0.2669103 0.4360596 0.3931453 0.0000000 0.2247143 0.2597138 0.3029933 0.3970266 0.3103419 0.3036813 0.3186949 0.3014829 0.2284600 0.4448031 0.2913177 0.7913168 0.2363042 0.2812184 0.3244638 0.3991991 0.3902226 0.2731457 0.4590877 0.3929593 0.3022175 0.3405729 0.4144232 0.2608910 0.2130446 0.3003007 0.2272630 0.6537210 0.3035995 
Mastacembelus_armatus         0.8091442 0.7436068 0.8446723 0.8465466 0.8081427 0.8209759 0.8145370 0.8403110 1.0020654 0.8129406 0.8732051 0.8523939 0.8294197 0.7980538 0.9000685 0.8191499 0.3860534 0.3728127 0.3776279 0.2400211 0.4011122 0.4416732 0.3740061 0.3984797 0.3200160 0.3589448 0.2794918 0.2281828 0.7554019 0.2418250 0.2157854 0.2609818 0.4155824 0.2579304 0.2494210 0.4317056 0.3781176 0.2247143 0.0000000 0.2630939 0.3020706 0.3810836 0.2831695 0.3028374 0.3052610 0.2949916 0.2071441 0.4184254 0.2715244 0.7689234 0.1982677 0.2734909 0.3149854 0.3792076 0.3746238 0.2606681 0.4400151 0.3759222 0.2932125 0.3290621 0.3919561 0.2586798 0.2055476 0.2921721 0.2077233 0.6207471 0.3021344 
Acanthochromis_polyacanthus   0.8436602 0.7369855 0.8828395 0.8861194 0.8020229 0.8270678 0.8268162 0.8630401 1.0317479 0.7940947 0.8706818 0.8859716 0.8054107 0.8000712 0.9348071 0.8260747 0.3736619 0.3842754 0.3775627 0.2393007 0.4111751 0.4275970 0.3800862 0.4120455 0.3131732 0.3597992 0.3290699 0.2347283 0.7791034 0.2403869 0.2320685 0.1170292 0.4221837 0.2460619 0.2446798 0.4444018 0.3744814 0.2597138 0.2630939 0.0000000 0.2730304 0.3742530 0.3645481 0.2733554 0.3123628 0.2613183 0.2135041 0.3996003 0.2486041 0.7688109 0.2502385 0.2887925 0.3070997 0.3818110 0.3801360 0.2644870 0.4390470 0.3805143 0.2749103 0.3200028 0.3672717 0.0503028 0.2151244 0.2722717 0.2082279 0.6336231 0.2733227 
Haplochromis_burtoni          0.8582195 0.7561222 0.8807825 0.9104382 0.8308517 0.8111826 0.8297182 0.8843205 1.0500806 0.7914382 0.8766445 0.8824260 0.8140463 0.8189953 0.9414003 0.8331727 0.4010876 0.4072268 0.3898516 0.2698509 0.4285255 0.4453777 0.4005756 0.4589422 0.3548447 0.4058912 0.3515697 0.2809028 0.8105481 0.2819533 0.2740237 0.2699738 0.4328392 0.2976274 0.2903877 0.4637573 0.3969673 0.3029933 0.3020706 0.2730304 0.0000000 0.3993481 0.3920384 0.0073771 0.3509422 0.2991173 0.2569866 0.4282517 0.1342082 0.8014657 0.2743886 0.3118817 0.3567734 0.4016839 0.4046060 0.0042225 0.4668067 0.4075270 0.0305526 0.3385955 0.3956843 0.2653683 0.2517555 0.0291459 0.2555249 0.6598904 0.0080525 
Nothobranchius_furzeri        0.9002328 0.8035054 0.9176737 0.9284592 0.9127572 0.8892764 0.8868709 0.9049651 1.1098847 0.8674141 0.9237863 0.9221575 0.8839401 0.8880293 0.9803566 0.8876395 0.5009765 0.4060043 0.4017147 0.3768182 0.4573398 0.5156652 0.4029929 0.5327568 0.4468012 0.4761053 0.4637718 0.3829588 0.8452829 0.3725223 0.3779664 0.3650995 0.4704630 0.3972917 0.4025813 0.5305595 0.4029637 0.3970266 0.3810836 0.3742530 0.3993481 0.0000000 0.4483471 0.3985468 0.4372579 0.4066887 0.3582845 0.4597957 0.3741676 0.7668219 0.3867734 0.4261382 0.4590271 0.4116710 0.4024016 0.3591226 0.5584974 0.4059077 0.3911144 0.3202775 0.4417695 0.3723097 0.3895882 0.3902137 0.3583358 0.6684724 0.3980200 
Paralichthys_olivaceus        0.9017019 0.7705982 0.9272774 0.9237923 0.8608485 0.9018886 0.9225989 0.9089460 1.0860702 0.8597045 0.9486152 0.9307459 0.8659913 0.8729577 0.9515503 0.8626043 0.4886368 0.4471998 0.4513250 0.2788867 0.5194265 0.5560228 0.4477141 0.4758423 0.3536555 0.3929126 0.3611913 0.2776140 0.8330206 0.2674775 0.2307028 0.3532305 0.4910185 0.2987281 0.2876667 0.4691523 0.4559077 0.3103419 0.2831695 0.3645481 0.3920384 0.4483471 0.0000000 0.3943782 0.3452434 0.3911092 0.2569056 0.4870601 0.3701052 0.8010714 0.2803704 0.2662010 0.3484771 0.4651540 0.4457085 0.3607415 0.4678000 0.4474754 0.3955554 0.4090504 0.4473965 0.3425464 0.2190732 0.3929589 0.2549022 0.6923965 0.3951419 
Maylandia_zebra               0.8638667 0.7576041 0.8846181 0.9122123 0.8334329 0.8037475 0.8358905 0.8841394 1.0489947 0.7850156 0.8829848 0.8853789 0.8186015 0.8082485 0.9453977 0.8349866 0.3990781 0.4059644 0.3896918 0.2696218 0.4293472 0.4488131 0.4004697 0.4556271 0.3538736 0.4069264 0.3495100 0.2803180 0.8178298 0.2826513 0.2718094 0.2686597 0.4317446 0.2995519 0.2929651 0.4637642 0.3967640 0.3036813 0.3028374 0.2733554 0.0073771 0.3985468 0.3943782 0.0000000 0.3506889 0.2987506 0.2561605 0.4241962 0.1332389 0.8102918 0.2735687 0.3122324 0.3550656 0.4014353 0.4033475 0.0036058 0.4674130 0.4062655 0.0278162 0.3386914 0.3924773 0.2649883 0.2509578 0.0264207 0.2549254 0.6608403 0.0017638 
Labrus_bergylta               0.8794942 0.7923834 0.9214243 0.9113996 0.8435409 0.8652123 0.8915086 0.9132332 1.0721226 0.8518383 0.9075270 0.9287232 0.8531816 0.8520331 0.9222696 0.9052212 0.4430992 0.4184780 0.4153833 0.2829059 0.4496493 0.4950341 0.4160651 0.4560488 0.3592096 0.4104190 0.3747636 0.2829422 0.8167045 0.2731027 0.2859894 0.3188472 0.4583712 0.2945358 0.2930188 0.4784664 0.4179140 0.3186949 0.3052610 0.3123628 0.3509422 0.4372579 0.3452434 0.3506889 0.0000000 0.3412234 0.2636398 0.4513276 0.3339690 0.7802784 0.3132511 0.3374985 0.3888270 0.4260551 0.4201523 0.3161513 0.4856778 0.4183062 0.3448776 0.3767643 0.4269717 0.3143259 0.2784569 0.3445664 0.2544201 0.6560798 0.3499987 
Parambassis_ranga             0.8354504 0.7328555 0.8526222 0.8613111 0.8182384 0.8316881 0.8349627 0.8538855 0.9749731 0.7956926 0.8843082 0.8607484 0.8324864 0.8126363 0.8799269 0.8280860 0.3813340 0.3867033 0.3851284 0.2721229 0.4246928 0.4460209 0.3878667 0.4236234 0.3394413 0.3757508 0.3425461 0.2700436 0.7807243 0.2736605 0.2791685 0.2573788 0.4433078 0.3020373 0.2914758 0.4263857 0.3832457 0.3014829 0.2949916 0.2613183 0.2991173 0.4066887 0.3911092 0.2987506 0.3412234 0.0000000 0.2530363 0.4167708 0.2817854 0.7911672 0.2832144 0.3119153 0.3364319 0.3865614 0.3881444 0.2782462 0.4561258 0.3888164 0.3042814 0.3550295 0.3978633 0.2553041 0.2597983 0.3026537 0.2493649 0.6039659 0.2994806 
Sander_lucioperca             0.8085439 0.7135778 0.8163693 0.8242815 0.7646434 0.8060340 0.8068435 0.8036573 0.9730745 0.7719512 0.8447442 0.8210039 0.7851189 0.7869213 0.8740776 0.7878592 0.3535185 0.3553857 0.3462113 0.1306023 0.3910585 0.4069701 0.3517525 0.3832845 0.2105728 0.3276044 0.3005966 0.0589701 0.7422810 0.1790290 0.1768546 0.2159838 0.3787443 0.1915186 0.1422383 0.4154979 0.3485846 0.2284600 0.2071441 0.2135041 0.2569866 0.3582845 0.2569056 0.2561605 0.2636398 0.2530363 0.0000000 0.3922840 0.2438337 0.7333702 0.2031790 0.2404967 0.2845395 0.3551588 0.3537593 0.2265141 0.4129304 0.3552617 0.2503446 0.3029850 0.3672822 0.2114781 0.1554102 0.2486803 0.0310461 0.5999427 0.2552731 
Oryzias_latipes               0.9541117 0.8249886 0.9271130 0.9371835 0.8942936 0.8935731 0.9312745 0.9334663 1.1763928 0.8975247 0.9663356 0.9308292 0.9274029 0.8967605 1.0056845 0.8941726 0.5305532 0.4419734 0.4281946 0.4217635 0.4752719 0.5391432 0.4325623 0.5377747 0.4871199 0.5310712 0.4913813 0.4019581 0.8919398 0.4033184 0.4062981 0.3986104 0.4903457 0.4107664 0.4338540 0.5088998 0.4340227 0.4448031 0.4184254 0.3996003 0.4282517 0.4597957 0.4870601 0.4241962 0.4513276 0.4167708 0.3922840 0.0000000 0.4213708 0.8539442 0.4196924 0.4445015 0.4623978 0.4379958 0.4326198 0.3791076 0.5667552 0.4425233 0.4177988 0.4143032 0.1245167 0.4031768 0.4044761 0.4172803 0.3889713 0.7469795 0.4240026 
Archocentrus_centrarchus      0.8609803 0.7388587 0.8894087 0.8963271 0.8224015 0.8447473 0.8440554 0.8798328 1.0211362 0.8256245 0.8893423 0.8955834 0.8525946 0.8520057 0.9323115 0.8428494 0.3824205 0.3843358 0.3720818 0.2620449 0.4209823 0.4302184 0.3859372 0.4438778 0.3491510 0.3808964 0.3441734 0.2659019 0.8007140 0.2690929 0.2619524 0.2481662 0.4299052 0.2909038 0.2737786 0.4573675 0.3699031 0.2913177 0.2715244 0.2486041 0.1342082 0.3741676 0.3701052 0.1332389 0.3339690 0.2817854 0.2438337 0.4213708 0.0000000 0.7904478 0.2573031 0.2999373 0.3448251 0.3761402 0.3835472 0.1291218 0.4313444 0.3876889 0.1257888 0.3255524 0.3936335 0.2394475 0.2438329 0.1250073 0.2396686 0.6329165 0.1327410 
Esox_lucius                   0.8786715 0.8024833 0.8982630 0.9040528 0.8376182 0.7354903 0.8639624 0.9028773 1.3264171 0.8117199 0.9008180 0.8927439 0.8004434 0.7491935 1.0735209 0.8926103 0.8705095 0.7835186 0.7871075 0.7397404 0.8273559 0.8994455 0.7925781 0.8242968 0.7984888 0.7754408 0.8175021 0.7515044 0.3219676 0.7757901 0.7473519 0.7920612 0.8743409 0.7468899 0.7593543 0.7834053 0.7819185 0.7913168 0.7689234 0.7688109 0.8014657 0.7668219 0.8010714 0.8102918 0.7802784 0.7911672 0.7333702 0.8539442 0.7904478 0.0000000 0.7632634 0.7894912 0.7828638 0.7881772 0.7960829 0.7042800 0.8780553 0.7941898 0.8030560 0.8186361 0.8447024 0.7700223 0.7492056 0.8012971 0.7179050 0.9246219 0.8114522 
Monopterus_albus              0.8140544 0.7227757 0.8721669 0.8783278 0.7850009 0.8401515 0.8148392 0.8582382 1.0253129 0.8080049 0.8344648 0.8784318 0.8002058 0.8152803 0.9014933 0.8123065 0.3749313 0.3794571 0.3822892 0.2294688 0.4108108 0.4308136 0.3750712 0.4187481 0.2940233 0.3670688 0.2923437 0.2287292 0.7595144 0.2358679 0.2152762 0.2460259 0.4152050 0.2496193 0.2401649 0.4331113 0.3825451 0.2363042 0.1982677 0.2502385 0.2743886 0.3867734 0.2803704 0.2735687 0.3132511 0.2832144 0.2031790 0.4196924 0.2573031 0.7632634 0.0000000 0.2663447 0.3181277 0.3849211 0.3767278 0.2378550 0.4302335 0.3805455 0.2740018 0.3344538 0.3919112 0.2498382 0.1976085 0.2730039 0.2028334 0.6196809 0.2734006 
Echeneis_naucrates            0.8395813 0.7321090 0.8345672 0.8423682 0.7963625 0.8532719 0.8507753 0.8217780 1.0516030 0.8218180 0.8614684 0.8342707 0.8407980 0.8239563 0.9368415 0.8147299 0.4062388 0.4248319 0.4144647 0.2719272 0.4561052 0.4610149 0.4234946 0.4544050 0.3472674 0.3834021 0.3564150 0.2586951 0.8016988 0.2683859 0.2108189 0.2841469 0.4652200 0.2809060 0.2744281 0.4356871 0.4120455 0.2812184 0.2734909 0.2887925 0.3118817 0.4261382 0.2662010 0.3122324 0.3374985 0.3119153 0.2404967 0.4445015 0.2999373 0.7894912 0.2663447 0.0000000 0.3442742 0.4148227 0.4197548 0.2730410 0.4642207 0.4234909 0.3139969 0.3692131 0.4229374 0.2849187 0.1641973 0.3111264 0.2384589 0.6614670 0.3118889 
Sphaeramia_orbicularis        0.8593174 0.7700586 0.9123809 0.9006826 0.8351234 0.8352363 0.8333347 0.8882611 1.0497304 0.7991450 0.8647075 0.9091295 0.8166145 0.8224723 0.9278796 0.8524779 0.4281656 0.4361004 0.4349025 0.3157403 0.4642641 0.4687030 0.4307578 0.4635173 0.3848281 0.3970796 0.3769959 0.3053350 0.8056988 0.2972434 0.2979074 0.3135326 0.4699431 0.3255128 0.3288482 0.4034759 0.4337960 0.3244638 0.3149854 0.3070997 0.3567734 0.4590271 0.3484771 0.3550656 0.3888270 0.3364319 0.2845395 0.4623978 0.3448251 0.7828638 0.3181277 0.3442742 0.0000000 0.4359318 0.4335451 0.3010575 0.4839068 0.4366900 0.3566956 0.4105109 0.4343589 0.3090316 0.2713339 0.3549004 0.2795803 0.6951625 0.3549387 
Xiphophorus_hellerii          0.8850684 0.7980899 0.9214062 0.9084882 0.8814856 0.8503674 0.8693354 0.8974212 1.0817707 0.8450817 0.9085711 0.9202104 0.8815459 0.8291719 0.9511322 0.8532064 0.4934828 0.0570338 0.0172647 0.3778720 0.2274273 0.5039739 0.0485787 0.5298984 0.4512227 0.4665435 0.4472001 0.3736863 0.8152287 0.3682951 0.3793665 0.3875749 0.2115972 0.3843050 0.4025795 0.5164230 0.0142808 0.3991991 0.3792076 0.3818110 0.4016839 0.4116710 0.4651540 0.4014353 0.4260551 0.3865614 0.3551588 0.4379958 0.3761402 0.7881772 0.3849211 0.4148227 0.4359318 0.0000000 0.0540326 0.3366582 0.5254830 0.0558308 0.3952890 0.3478333 0.4230131 0.3745452 0.3733643 0.3939276 0.3578218 0.6857785 0.4001211 
Poecilia_latipinna            0.8746864 0.7891555 0.9235883 0.9191742 0.8734920 0.8605858 0.8661006 0.8955843 1.0664715 0.8427713 0.9134066 0.9216546 0.8717784 0.8386997 0.9412918 0.8595071 0.4964264 0.0124611 0.0517475 0.3744520 0.2240668 0.4985586 0.0308980 0.5260618 0.4520673 0.4686755 0.4441072 0.3737364 0.8082690 0.3734364 0.3747936 0.3839751 0.2112757 0.3789606 0.4032968 0.5016174 0.0570330 0.3902226 0.3746238 0.3801360 0.4046060 0.4024016 0.4457085 0.4033475 0.4201523 0.3881444 0.3537593 0.4326198 0.3835472 0.7960829 0.3767278 0.4197548 0.4335451 0.0540326 0.0000000 0.3316522 0.5223589 0.0090433 0.3943113 0.3505764 0.4124772 0.3714942 0.3798190 0.3929919 0.3551605 0.6869117 0.4019528 
Pundamilia_nyererei           0.7618812 0.6687087 0.7496253 0.7698276 0.7363894 0.7151755 0.7379694 0.7601189 0.8930626 0.7013705 0.7721385 0.7516422 0.7070483 0.7158936 0.7987882 0.7140311 0.3549517 0.3339728 0.3288636 0.2534485 0.3660367 0.4037256 0.3312088 0.3802790 0.3063622 0.3505402 0.3127754 0.2503140 0.7017031 0.2571479 0.2457714 0.2531892 0.3613467 0.2634542 0.2694602 0.4099900 0.3338097 0.2731457 0.2606681 0.2644870 0.0042225 0.3591226 0.3607415 0.0036058 0.3161513 0.2782462 0.2265141 0.3791076 0.1291218 0.7042800 0.2378550 0.2730410 0.3010575 0.3366582 0.3316522 0.0000000 0.4067339 0.3339644 0.0265594 0.2990294 0.3426766 0.2571008 0.2201208 0.0259283 0.2266926 0.5702356 0.0030022 
Hippocampus_comes             0.9555641 0.8194307 0.9059595 0.9072664 0.8715683 0.8638686 0.9478041 0.9139867 1.2004764 0.8883918 0.9604945 0.8945667 0.8827851 0.8665777 1.0264764 0.9314687 0.5267802 0.5168815 0.5206655 0.4267567 0.5459513 0.5624361 0.5240557 0.5619813 0.4779493 0.5205671 0.4950216 0.4306149 0.9212594 0.4281141 0.4347785 0.4278562 0.5697570 0.4686224 0.4380683 0.5829838 0.5188168 0.4590877 0.4400151 0.4390470 0.4668067 0.5584974 0.4678000 0.4674130 0.4856778 0.4561258 0.4129304 0.5667552 0.4313444 0.8780553 0.4302335 0.4642207 0.4839068 0.5254830 0.5223589 0.4067339 0.0000000 0.5185023 0.4627925 0.5061238 0.5478316 0.4438873 0.4090833 0.4612312 0.4103366 0.7315019 0.4671730 
