67
Otomorpha_Ictalurus_punctatus                   0.0000000 0.8044051 0.8618305 0.8914898 0.8982335 0.3818903 0.1239756 0.8637601 1.3177903 0.4057532 0.2210163 0.8715886 0.4563400 0.3653208 1.0928012 0.9076617 0.9587437 0.8819024 0.8800685 0.8297852 0.9492994 0.9400238 0.8785146 0.9034499 0.8101361 0.8685139 0.8639768 0.8465914 0.8993202 0.8337741 0.8188217 0.8451122 0.9542238 0.8238632 0.8433390 0.8410767 0.8790401 0.7984944 0.8098446 0.8444373 0.8590400 0.9010958 0.9025289 0.8646889 0.8802746 0.8362611 0.8092167 0.9550680 0.8618080 0.8793506 0.8147986 0.8402947 0.8601009 0.8858948 0.8755282 0.7626182 0.9565850 0.8884162 0.8475151 0.8807757 0.8994006 0.8619954 0.8023681 0.8467902 0.8047675 1.0711727 0.8637761 
Otomorpha_Chanos_chanos                         0.8044051 0.0000000 0.8082632 0.8558470 0.7796047 0.7264664 0.7836134 0.8276747 1.2273205 0.7415815 0.8200305 0.8131591 0.7650625 0.7168923 1.0847612 0.8049861 0.8482774 0.7954196 0.8090631 0.7512448 0.8576756 0.8378368 0.8015444 0.8371581 0.7890646 0.7646954 0.7849018 0.7472376 0.8467120 0.7110833 0.7148674 0.7400111 0.8770321 0.7486433 0.7514645 0.8134072 0.7972038 0.7324629 0.7441295 0.7375498 0.7567780 0.8041558 0.7711638 0.7582555 0.7930840 0.7334160 0.7140831 0.8256774 0.7395006 0.8030789 0.7233178 0.7325968 0.7706482 0.7988267 0.7898970 0.6692789 0.8201741 0.7924476 0.7712300 0.7621219 0.7963234 0.7496677 0.7123898 0.7704690 0.7059601 0.9742799 0.7589746 
Otomorpha_Sinocyclocheilus_rhinocerous          0.8618305 0.8082632 0.0000000 0.1411909 0.9064594 0.7811156 0.8785142 0.1086340 1.2680314 0.7989984 0.8630945 0.0205837 0.8212716 0.7782963 1.0697745 0.9503693 0.9649197 0.9222074 0.9019469 0.8455100 0.9392849 0.9764280 0.9187969 0.9808371 0.9469025 0.8732127 0.9029589 0.8382908 0.9157649 0.8336609 0.8535200 0.8806804 0.9843441 0.8796407 0.8533595 0.8574927 0.9089353 0.8743448 0.8453467 0.8835347 0.8815298 0.9184637 0.9280640 0.8853591 0.9222248 0.8533255 0.8169591 0.9279027 0.8901899 0.8989346 0.8728630 0.8352106 0.9131602 0.9222482 0.9244309 0.7502135 0.9067612 0.9236923 0.8865516 0.9031603 0.8928644 0.8853683 0.8314815 0.8850419 0.8203393 1.0993409 0.8831304 
Otomorpha_Carassius_auratus                     0.8914898 0.8558470 0.1411909 0.0000000 0.9256259 0.7822120 0.8888942 0.0859397 1.2275895 0.7905737 0.8812654 0.1448525 0.8237237 0.7839708 1.0529297 0.9740217 0.9685984 0.9191664 0.8926442 0.8514340 0.9523404 0.9482068 0.9200319 0.9781761 0.9455752 0.8922743 0.9227369 0.8571244 0.9177074 0.8675765 0.8559078 0.8843529 0.9955815 0.8765817 0.8709943 0.8534752 0.8970405 0.8650168 0.8471796 0.8867957 0.9111785 0.9292580 0.9245111 0.9129411 0.9122038 0.8620140 0.8248563 0.9380142 0.8970683 0.9046953 0.8789958 0.8430031 0.9014256 0.9093499 0.9200380 0.7704092 0.9080472 0.9177670 0.9140386 0.9289541 0.9065410 0.8786819 0.8386032 0.9132398 0.8289352 1.0646441 0.9125544 
Otomorpha_Denticeps_clupeoides                  0.8982335 0.7796047 0.9064594 0.9256259 0.0000000 0.7820618 0.8769552 0.8909933 1.2412037 0.8186200 0.9004432 0.9125658 0.8257118 0.7963668 1.0737393 0.8120067 0.8626931 0.8750046 0.8720170 0.7863551 0.9183108 0.9066541 0.8787931 0.9147542 0.8176365 0.8404184 0.8384992 0.8094623 0.8539629 0.7895226 0.7643365 0.7908904 0.9185176 0.8244325 0.7885143 0.8505518 0.8642438 0.8328550 0.8087774 0.8026759 0.8315618 0.9135511 0.8616630 0.8341420 0.8443111 0.8189679 0.7652146 0.8951384 0.8231505 0.8382925 0.7857021 0.7970523 0.8358119 0.8822648 0.8742791 0.7370529 0.8723650 0.8690326 0.8429716 0.8868313 0.8712447 0.7894396 0.7753446 0.8365560 0.7633070 1.0547223 0.8333050 
Otomorpha_Pygocentrus_nattereri                 0.3818903 0.7264664 0.7811156 0.7822120 0.7820618 0.0000000 0.3601466 0.7709110 1.2211915 0.3068525 0.4435522 0.7860445 0.2957635 0.0644906 0.9613383 0.8564520 0.9845476 0.8626167 0.8458734 0.8456135 0.9096167 0.9524787 0.8493724 0.9308397 0.8547896 0.8421813 0.8588778 0.8294619 0.7784294 0.8326492 0.8447714 0.8361855 0.9316907 0.8450667 0.8507925 0.8191438 0.8416903 0.8237861 0.8216516 0.8277848 0.8118630 0.8900612 0.9026956 0.8044049 0.8660175 0.8324488 0.8066963 0.8944035 0.8455024 0.7360199 0.8408718 0.8539401 0.8359421 0.8511280 0.8613573 0.7157400 0.8647300 0.8677611 0.8054338 0.8611844 0.8685346 0.8265059 0.8348931 0.8063875 0.7990674 1.0093424 0.8069651 
Otomorpha_Pangasianodon_hypophthalmus           0.1239756 0.7836134 0.8785142 0.8888942 0.8769552 0.3601466 0.0000000 0.8684482 1.3232389 0.3727184 0.1935811 0.8782637 0.4287274 0.3442301 1.0821602 0.9014177 0.9968916 0.8668052 0.8657033 0.8387912 0.9334431 0.9633663 0.8633366 0.8935544 0.7956698 0.8506016 0.8570790 0.8469404 0.8719703 0.8253474 0.8099178 0.8211878 0.9541734 0.8337551 0.8370375 0.8348966 0.8631935 0.8071977 0.8152228 0.8275816 0.8304873 0.8876885 0.9235228 0.8366673 0.8923331 0.8357722 0.8075101 0.9321969 0.8448544 0.8645817 0.8155913 0.8515502 0.8340965 0.8701396 0.8669417 0.7386398 0.9488492 0.8747705 0.8250978 0.8606460 0.8987364 0.8419000 0.8097205 0.8252775 0.8011548 1.0579208 0.8392185 
Otomorpha_Sinocyclocheilus_grahami              0.8637601 0.8276747 0.1086340 0.0859397 0.8909933 0.7709110 0.8684482 0.0000000 1.2184429 0.7867218 0.8621149 0.1107509 0.7955146 0.7637303 1.0594897 0.9521269 0.9548650 0.8994658 0.8811741 0.8334365 0.9489071 0.9619164 0.8929997 0.9854736 0.9306098 0.8798295 0.8982259 0.8249044 0.9244001 0.8322018 0.8440949 0.8679212 0.9548084 0.8509429 0.8431769 0.8496174 0.8865184 0.8618528 0.8409611 0.8636818 0.8850152 0.9056902 0.9096455 0.8848245 0.9140257 0.8545857 0.8041938 0.9342548 0.8805318 0.9034738 0.8588727 0.8223641 0.8889627 0.8981839 0.8963521 0.7606828 0.9147510 0.8991566 0.8895209 0.8909727 0.9003694 0.8574479 0.8212092 0.8869952 0.8031031 1.0706374 0.8851958 
Otomorpha_Danio_rerio                           1.3177903 1.2273205 1.2680314 1.2275895 1.2412037 1.2211915 1.3232389 1.2184429 0.0000000 1.2874417 1.3235304 1.2681021 1.3217702 1.2196171 0.6140460 1.2388941 1.1440809 1.0885248 1.0767854 1.0173961 1.1552058 1.1220350 1.0802964 1.1281274 1.0624318 1.0572072 1.0955054 0.9835850 1.3560066 0.9938442 1.0093454 1.0440534 1.1855655 1.0511938 0.9999807 1.0563497 1.0883875 1.0441312 1.0029918 1.0327563 1.0510814 1.1109817 1.0870426 1.0499799 1.0730905 0.9759375 0.9739696 1.1775908 1.0221543 1.3278153 1.0262418 1.0526482 1.0507047 1.0829528 1.0676718 0.8938292 1.2016533 1.0935050 1.0338278 1.0400763 1.1167665 1.0206410 0.9867633 1.0338906 0.9653628 1.3269778 1.0488075 
Otomorpha_Electrophorus_electricus              0.4057532 0.7415815 0.7989984 0.7905737 0.8186200 0.3068525 0.3727184 0.7867218 1.2874417 0.0000000 0.4370540 0.8002933 0.3664395 0.2902179 1.1000532 0.8893660 0.9062591 0.8616527 0.8446005 0.8167230 0.9437611 0.9100081 0.8542036 0.8948599 0.8252826 0.7999749 0.8561017 0.7967978 0.8168147 0.7957693 0.8018635 0.8091452 0.9212229 0.8036068 0.8317065 0.8077161 0.8450655 0.8014339 0.8136261 0.7947625 0.7921168 0.8682157 0.8604793 0.7856763 0.8526262 0.7964790 0.7725641 0.8983452 0.8264077 0.8123158 0.8087372 0.8225734 0.7998102 0.8458039 0.8435101 0.7019703 0.8893026 0.8625188 0.7874786 0.8511979 0.8797431 0.8000182 0.7900127 0.7885115 0.7668026 1.0099449 0.7877076 
Otomorpha_Tachysurus_fulvidraco                 0.2210163 0.8200305 0.8630945 0.8812654 0.9004432 0.4435522 0.1935811 0.8621149 1.3235304 0.4370540 0.0000000 0.8706039 0.4941098 0.4228322 1.0745737 0.9195589 1.0154505 0.9249012 0.9124694 0.8644034 0.9842389 0.9966535 0.9229735 0.9382362 0.8482769 0.9023787 0.8979628 0.8596128 0.8962824 0.8572831 0.8445488 0.8721226 0.9869585 0.8562582 0.8728456 0.8680077 0.9082876 0.8484680 0.8740069 0.8715340 0.8775565 0.9247352 0.9496172 0.8838909 0.9084542 0.8852524 0.8454953 0.9674058 0.8902926 0.9015776 0.8352661 0.8623134 0.8655399 0.9094702 0.9143509 0.7729018 0.9616223 0.9291210 0.8718987 0.9048419 0.9284340 0.8820559 0.8318392 0.8700853 0.8382164 1.0786566 0.8838022 
Otomorpha_Sinocyclocheilus_anshuiensis          0.8715886 0.8131591 0.0205837 0.1448525 0.9125658 0.7860445 0.8782637 0.1107509 1.2681021 0.8002933 0.8706039 0.0000000 0.8201825 0.7782179 1.0843308 0.9423102 0.9706611 0.9216826 0.9045418 0.8525149 0.9484542 0.9681013 0.9169109 0.9901352 0.9454968 0.8845081 0.9135750 0.8423272 0.9153984 0.8452915 0.8596367 0.8791937 0.9994151 0.8792703 0.8635180 0.8578723 0.9107234 0.8850564 0.8530692 0.8866712 0.8831770 0.9229612 0.9315328 0.8861228 0.9295452 0.8614640 0.8216000 0.9315969 0.8963745 0.8934177 0.8791445 0.8349280 0.9099210 0.9210641 0.9225011 0.7522301 0.8953730 0.9241178 0.8873099 0.9144705 0.8868899 0.8888953 0.8320225 0.8858012 0.8224315 1.0932451 0.8838960 
Otomorpha_Astyanax_mexicanus                    0.4563400 0.7650625 0.8212716 0.8237237 0.8257118 0.2957635 0.4287274 0.7955146 1.3217702 0.3664395 0.4941098 0.8201825 0.0000000 0.2859611 1.1059840 0.8550488 0.9654167 0.8896999 0.8766086 0.8262188 0.9505216 0.9504047 0.8637303 0.8810061 0.8321400 0.8500211 0.8513072 0.8068612 0.8226673 0.8029222 0.7907599 0.8272801 0.9716891 0.8338243 0.8396959 0.8044370 0.8797203 0.8143185 0.8301229 0.8061449 0.8147472 0.8847606 0.8667785 0.8193100 0.8540041 0.8332681 0.7857517 0.9282862 0.8533710 0.8010155 0.8009217 0.8415331 0.8172908 0.8823906 0.8726387 0.7076269 0.8837057 0.8835002 0.8003326 0.8477891 0.8709660 0.8274273 0.7992585 0.8024187 0.7787858 1.0210467 0.8217221 
Otomorpha_Colossoma_macropomum                  0.3653208 0.7168923 0.7782963 0.7839708 0.7963668 0.0644906 0.3442301 0.7637303 1.2196171 0.2902179 0.4228322 0.7782179 0.2859611 0.0000000 0.9863566 0.8396302 0.9601056 0.8393670 0.8287133 0.8210267 0.9014280 0.9601331 0.8232768 0.8906708 0.8393614 0.8222946 0.8444100 0.8091863 0.7467203 0.8087480 0.8165609 0.8143960 0.9158546 0.8323441 0.8247626 0.8043596 0.8246053 0.7968183 0.7986965 0.8007588 0.8196916 0.8887894 0.8737146 0.8089160 0.8528334 0.8133788 0.7875392 0.8975927 0.8527541 0.7497266 0.8159671 0.8246137 0.8231708 0.8298972 0.8394456 0.7164445 0.8674196 0.8443714 0.8135997 0.8431594 0.8747636 0.8064702 0.7968012 0.8119998 0.7825461 1.0088354 0.8114496 
Otomorpha_Puntigrus_tetrazona                   1.0928012 1.0847612 1.0697745 1.0529297 1.0737393 0.9613383 1.0821602 1.0594897 0.6140460 1.1000532 1.0745737 1.0843308 1.1059840 0.9863566 0.0000000 1.0369066 0.9938407 0.9445401 0.9541490 0.9028119 0.9721539 0.9834292 0.9481464 0.9925280 0.9467934 0.9048564 0.9442787 0.9072181 1.0839407 0.9233760 0.9086962 0.9103300 0.9891759 0.9716709 0.8907909 0.9279723 0.9500298 0.9097948 0.9008862 0.9357188 0.9423179 0.9813731 0.9524191 0.9463072 0.9231360 0.8808017 0.8748400 1.0067368 0.9332789 1.0746515 0.9022965 0.9377143 0.9287892 0.9520680 0.9422259 0.7994496 1.0275403 0.9507274 0.9420261 0.9353905 0.9847648 0.9395899 0.8797143 0.9426160 0.8542605 1.1100299 0.9462605 
Otomorpha_Clupea_harengus                       0.9076617 0.8049861 0.9503693 0.9740217 0.8120067 0.8564520 0.9014177 0.9521269 1.2388941 0.8893660 0.9195589 0.9423102 0.8550488 0.8396302 1.0369066 0.0000000 0.9097270 0.8632902 0.8602327 0.8110468 0.8889675 0.9038163 0.8545733 0.8953170 0.8565768 0.8860675 0.8949700 0.8270612 0.9350051 0.8336699 0.8029441 0.8133245 0.9460304 0.8274839 0.8173673 0.8009573 0.8601166 0.8345559 0.8198452 0.8268090 0.8339313 0.8885118 0.8634115 0.8357330 0.9061195 0.8288558 0.7885076 0.8949483 0.8436427 0.8934535 0.8130289 0.8154323 0.8532961 0.8540598 0.8603827 0.7146328 0.9324928 0.8637599 0.8448914 0.9046319 0.8707908 0.8429620 0.7763342 0.8444870 0.7754667 1.0756537 0.8352624 
Euteleosteomorpha_Salarias_fasciatus            0.9587437 0.8482774 0.9649197 0.9685984 0.8626931 0.9845476 0.9968916 0.9548650 1.1440809 0.9062591 1.0154505 0.9706611 0.9654167 0.9601056 0.9938407 0.9097270 0.0000000 0.4970886 0.4954308 0.3595641 0.5346294 0.4819837 0.5004099 0.5407794 0.4548026 0.4787137 0.4329077 0.3726650 0.8839372 0.3798378 0.3702616 0.3843211 0.5284133 0.3849175 0.3830303 0.5209428 0.4955632 0.3934021 0.3862526 0.3738541 0.4013128 0.5013116 0.4889540 0.3993045 0.4433480 0.3815441 0.3536649 0.5309017 0.3826353 0.8712319 0.3751174 0.4064520 0.4283887 0.4938132 0.4967669 0.3551249 0.5271763 0.4984751 0.3962862 0.4738844 0.4973793 0.3654292 0.3652998 0.3939729 0.3512439 0.7051232 0.3994626 
Euteleosteomorpha_Poecilia_mexicana             0.8819024 0.7954196 0.9222074 0.9191664 0.8750046 0.8626167 0.8668052 0.8994658 1.0885248 0.8616527 0.9249012 0.9216826 0.8896999 0.8393670 0.9445401 0.8632902 0.4970886 0.0000000 0.0540350 0.3799590 0.2251191 0.4982670 0.0328031 0.5336835 0.4585623 0.4763698 0.4455442 0.3770750 0.8035744 0.3770281 0.3776082 0.3858663 0.2123966 0.3815226 0.4046928 0.5030980 0.0590737 0.3931620 0.3729993 0.3844696 0.4074537 0.4062322 0.4474807 0.4061895 0.4187284 0.3869131 0.3555574 0.4422293 0.3845511 0.7841955 0.3796705 0.4250975 0.4363509 0.0570397 0.0124617 0.3341326 0.5172449 0.0047311 0.3970645 0.3563104 0.4218896 0.3750123 0.3845398 0.3957402 0.3580590 0.6926135 0.4049303 
Euteleosteomorpha_Xiphophorus_couchianus        0.8800685 0.8090631 0.9019469 0.8926442 0.8720170 0.8458734 0.8657033 0.8811741 1.0767854 0.8446005 0.9124694 0.9045418 0.8766086 0.8287133 0.9541490 0.8602327 0.4954308 0.0540350 0.0000000 0.3706773 0.2212423 0.5021032 0.0445299 0.5227952 0.4482582 0.4653052 0.4477244 0.3651089 0.8161639 0.3651516 0.3717739 0.3822975 0.2029688 0.3798887 0.3932881 0.5117485 0.0150377 0.3934103 0.3778084 0.3777464 0.3900647 0.4019386 0.4515923 0.3899025 0.4156207 0.3853279 0.3463778 0.4284445 0.3722784 0.7877761 0.3824991 0.4147022 0.4351549 0.0172655 0.0517528 0.3290254 0.5210324 0.0531760 0.3843902 0.3384997 0.4139695 0.3713853 0.3729285 0.3830683 0.3487136 0.6836297 0.3886461 
Euteleosteomorpha_Cottoperca_gobio              0.8297852 0.7512448 0.8455100 0.8514340 0.7863551 0.8456135 0.8387912 0.8334365 1.0173961 0.8167230 0.8644034 0.8525149 0.8262188 0.8210267 0.9028119 0.8110468 0.3595641 0.3799590 0.3706773 0.0000000 0.4088194 0.4162429 0.3790083 0.4108573 0.1795716 0.3415095 0.3193377 0.1537782 0.7643512 0.2064569 0.2096939 0.2335774 0.3989692 0.2212000 0.1663199 0.4382439 0.3712886 0.2451016 0.2400930 0.2393796 0.2699524 0.3769899 0.2789971 0.2697211 0.2830161 0.2722203 0.1306261 0.4219784 0.2621393 0.7403043 0.2295370 0.2720339 0.3158806 0.3780788 0.3746613 0.2535310 0.4269855 0.3799878 0.2645848 0.3318975 0.4005973 0.2386264 0.1851834 0.2627812 0.1308984 0.6061983 0.2700199 
Euteleosteomorpha_Cyprinodon_variegatus         0.9492994 0.8576756 0.9392849 0.9523404 0.9183108 0.9096167 0.9334431 0.9489071 1.1552058 0.9437611 0.9842389 0.9484542 0.9505216 0.9014280 0.9721539 0.8889675 0.5346294 0.2251191 0.2212423 0.4088194 0.0000000 0.5550318 0.2153796 0.5519968 0.4932258 0.5145411 0.4803913 0.4012707 0.8857848 0.4134762 0.4025196 0.4104581 0.2537189 0.4115062 0.4386246 0.5019876 0.2291311 0.4187233 0.4013237 0.4114006 0.4287724 0.4575993 0.5198161 0.4295925 0.4499302 0.4249591 0.3912572 0.4755640 0.4212131 0.8281027 0.4110496 0.4564145 0.4645351 0.2275156 0.2241503 0.3662295 0.5463738 0.2264757 0.4219155 0.3782772 0.4570830 0.3999069 0.4155062 0.4188039 0.3916499 0.7155325 0.4293811 
Euteleosteomorpha_Gouania_willdenowi            0.9400238 0.8378368 0.9764280 0.9482068 0.9066541 0.9524787 0.9633663 0.9619164 1.1220350 0.9100081 0.9966535 0.9681013 0.9504047 0.9601331 0.9834292 0.9038163 0.4819837 0.4982670 0.5021032 0.4162429 0.5550318 0.0000000 0.5055633 0.5531523 0.4950165 0.5154403 0.4586660 0.4178733 0.9253454 0.4256002 0.4380104 0.4253775 0.5526772 0.4294689 0.4483113 0.5600328 0.5026983 0.4307990 0.4419189 0.4278442 0.4456296 0.5160338 0.5563977 0.4490636 0.4953479 0.4462673 0.4071702 0.5395220 0.4304759 0.9003517 0.4310330 0.4612887 0.4689567 0.5043561 0.4989226 0.4039364 0.5628738 0.5012793 0.4495263 0.4972763 0.5076767 0.4162460 0.4221517 0.4469089 0.3989947 0.7177449 0.4492099 
Euteleosteomorpha_Poecilia_reticulata           0.8785146 0.8015444 0.9187969 0.9200319 0.8787931 0.8493724 0.8633366 0.8929997 1.0802964 0.8542036 0.9229735 0.9169109 0.8637303 0.8232768 0.9481464 0.8545733 0.5004099 0.0328031 0.0445299 0.3790083 0.2153796 0.5055633 0.0000000 0.5314675 0.4535305 0.4663291 0.4488526 0.3745060 0.8180173 0.3722247 0.3724557 0.3831565 0.2045255 0.3804189 0.4047142 0.5024337 0.0498242 0.3909937 0.3741871 0.3802672 0.4007981 0.4032083 0.4479878 0.4006902 0.4162986 0.3880658 0.3519138 0.4328065 0.3861534 0.7932538 0.3752718 0.4237444 0.4310039 0.0485841 0.0309001 0.3313651 0.5244260 0.0312204 0.3944591 0.3440020 0.4183427 0.3733817 0.3776741 0.3931423 0.3579879 0.6951432 0.3994489 
Euteleosteomorpha_Takifugu_rubripes             0.9034499 0.8371581 0.9808371 0.9781761 0.9147542 0.9308397 0.8935544 0.9854736 1.1281274 0.8948599 0.9382362 0.9901352 0.8810061 0.8906708 0.9925280 0.8953170 0.5407794 0.5336835 0.5227952 0.4108573 0.5519968 0.5531523 0.5314675 0.0000000 0.5079741 0.5274333 0.4778218 0.4005341 0.8530960 0.3817028 0.4060867 0.4082323 0.5454159 0.3976940 0.4160945 0.5567033 0.5285076 0.4223380 0.3986703 0.4122322 0.4591831 0.5330492 0.4761185 0.4558574 0.4563020 0.4238033 0.3834631 0.5380622 0.4441300 0.8249442 0.4189610 0.4546570 0.4637797 0.5302553 0.5264242 0.3804635 0.5623709 0.5333682 0.4585075 0.4885054 0.5145492 0.4214780 0.3839951 0.4566775 0.3780580 0.7322996 0.4554936 
Euteleosteomorpha_Notothenia_coriiceps          0.8101361 0.7890646 0.9469025 0.9455752 0.8176365 0.8547896 0.7956698 0.9306098 1.0624318 0.8252826 0.8482769 0.9454968 0.8321400 0.8393614 0.9467934 0.8565768 0.4548026 0.4585623 0.4482582 0.1795716 0.4932258 0.4950165 0.4535305 0.5079741 0.0000000 0.4458636 0.3820510 0.2466437 0.8493589 0.2737890 0.2754867 0.3025826 0.4912084 0.2908996 0.2392442 0.5180756 0.4459839 0.3395145 0.3201569 0.3133037 0.3550124 0.4470606 0.3538346 0.3540375 0.3593715 0.3395887 0.2106345 0.4873704 0.3493185 0.7990879 0.2941296 0.3474290 0.3850541 0.4514960 0.4523337 0.3064799 0.4782417 0.4602354 0.3545296 0.3861213 0.4455434 0.3066312 0.2555688 0.3520059 0.2052174 0.6876697 0.3537462 
Euteleosteomorpha_Myripristis_murdjan           0.8685139 0.7646954 0.8732127 0.8922743 0.8404184 0.8421813 0.8506016 0.8798295 1.0572072 0.7999749 0.9023787 0.8845081 0.8500211 0.8222946 0.9048564 0.8860675 0.4787137 0.4763698 0.4653052 0.3415095 0.5145411 0.5154403 0.4663291 0.5274333 0.4458636 0.0000000 0.4302328 0.3400509 0.8052186 0.3479967 0.3307321 0.3624122 0.4974892 0.3493509 0.3380276 0.5216950 0.4656101 0.3730550 0.3591040 0.3599723 0.4061282 0.4763919 0.3931096 0.4071634 0.4106372 0.3759515 0.3277386 0.5313970 0.3811033 0.7760785 0.3672407 0.3835683 0.3972747 0.4668437 0.4689927 0.3507191 0.5209217 0.4771914 0.4014182 0.4382472 0.4870903 0.3659771 0.3269299 0.3991175 0.3218327 0.6207486 0.4074825 
Euteleosteomorpha_Betta_splendens               0.8639768 0.7849018 0.9029589 0.9227369 0.8384992 0.8588778 0.8570790 0.8982259 1.0955054 0.8561017 0.8979628 0.9135750 0.8513072 0.8444100 0.9442787 0.8949700 0.4329077 0.4455442 0.4477244 0.3193377 0.4803913 0.4586660 0.4488526 0.4778218 0.3820510 0.4302328 0.0000000 0.3137710 0.7965975 0.3187426 0.3011309 0.3300175 0.4682108 0.3458501 0.3320340 0.4699409 0.4488954 0.2172540 0.2795876 0.3291871 0.3517235 0.4640393 0.3613605 0.3496624 0.3749437 0.3426831 0.3006911 0.4916544 0.3443194 0.8181597 0.2924394 0.3565553 0.3771802 0.4474470 0.4443722 0.3129069 0.4953644 0.4465105 0.3496347 0.4052363 0.4553426 0.3300636 0.2853383 0.3479098 0.2943705 0.6875884 0.3499273 
Euteleosteomorpha_Etheostoma_spectabile         0.8465914 0.7472376 0.8382908 0.8571244 0.8094623 0.8294619 0.8469404 0.8249044 0.9835850 0.7967978 0.8596128 0.8423272 0.8068612 0.8091863 0.9072181 0.8270612 0.3726650 0.3770750 0.3651089 0.1537782 0.4012707 0.4178733 0.3745060 0.4005341 0.2466437 0.3400509 0.3137710 0.0000000 0.7658561 0.2029186 0.1999701 0.2361303 0.3999388 0.2128846 0.1717710 0.4359531 0.3671036 0.2466608 0.2282378 0.2347937 0.2810059 0.3831243 0.2777038 0.2804169 0.2830411 0.2701324 0.0589727 0.4021292 0.2659907 0.7520942 0.2287927 0.2587767 0.3054554 0.3738651 0.3739168 0.2503891 0.4308512 0.3773722 0.2774271 0.3207883 0.3741540 0.2316883 0.1831275 0.2760719 0.0616280 0.6209053 0.2802479 
Euteleosteomorpha_Salmo_salar                   0.8993202 0.8467120 0.9157649 0.9177074 0.8539629 0.7784294 0.8719703 0.9244001 1.3560066 0.8168147 0.8962824 0.9153984 0.8226673 0.7467203 1.0839407 0.9350051 0.8839372 0.8035744 0.8161639 0.7643512 0.8857848 0.9253454 0.8180173 0.8530960 0.8493589 0.8052186 0.7965975 0.7658561 0.0000000 0.7580896 0.7556879 0.8043992 0.8988691 0.7726067 0.7732768 0.8138827 0.8105863 0.7893042 0.7559025 0.7796585 0.8111840 0.8459038 0.8336927 0.8184564 0.8173503 0.7812756 0.7427781 0.8926590 0.8013476 0.3221023 0.7600127 0.8022894 0.8062774 0.8158567 0.8089127 0.7022013 0.9220632 0.8108725 0.8094758 0.8324206 0.8523195 0.7835514 0.7488998 0.8034796 0.7275808 0.9702646 0.8184364 
Euteleosteomorpha_Larimichthys_crocea           0.8337741 0.7110833 0.8336609 0.8675765 0.7895226 0.8326492 0.8253474 0.8322018 0.9938442 0.7957693 0.8572831 0.8452915 0.8029222 0.8087480 0.9233760 0.8336699 0.3798378 0.3770281 0.3651516 0.2064569 0.4134762 0.4256002 0.3722247 0.3817028 0.2737890 0.3479967 0.3187426 0.2029186 0.7580896 0.0000000 0.2115777 0.2406427 0.4056926 0.1846802 0.2152382 0.4318180 0.3646753 0.2495591 0.2419037 0.2404716 0.2820731 0.3727165 0.2675838 0.2827704 0.2732017 0.2737725 0.1790761 0.4035171 0.2691987 0.7764078 0.2359413 0.2684923 0.2973713 0.3684861 0.3736284 0.2572421 0.4283741 0.3754540 0.2736231 0.3143718 0.3812164 0.2366619 0.1910986 0.2726335 0.1783614 0.6157681 0.2821702 
Euteleosteomorpha_Lates_calcarifer              0.8188217 0.7148674 0.8535200 0.8559078 0.7643365 0.8447714 0.8099178 0.8440949 1.0093454 0.8018635 0.8445488 0.8596367 0.7907599 0.8165609 0.9086962 0.8029441 0.3702616 0.3776082 0.3717739 0.2096939 0.4025196 0.4380104 0.3724557 0.4060867 0.2754867 0.3307321 0.3011309 0.1999701 0.7556879 0.2115777 0.0000000 0.2360900 0.4091579 0.2213137 0.2191237 0.4285421 0.3736564 0.2267434 0.2158480 0.2321475 0.2741460 0.3781549 0.2307720 0.2719283 0.2860987 0.2792905 0.1769001 0.4064988 0.2620648 0.7479434 0.2153392 0.2108737 0.2980326 0.3795895 0.3750111 0.2458653 0.4350513 0.3769860 0.2743261 0.3200699 0.3710041 0.2269723 0.1329507 0.2728067 0.1794793 0.6186936 0.2712966 
Euteleosteomorpha_Stegastes_partitus            0.8451122 0.7400111 0.8806804 0.8843529 0.7908904 0.8361855 0.8211878 0.8679212 1.0440534 0.8091452 0.8721226 0.8791937 0.8272801 0.8143960 0.9103300 0.8133245 0.3843211 0.3858663 0.3822975 0.2335774 0.4104581 0.4253775 0.3831565 0.4082323 0.3025826 0.3624122 0.3300175 0.2361303 0.8043992 0.2406427 0.2360900 0.0000000 0.4364414 0.2500610 0.2592108 0.4483673 0.3815407 0.2660668 0.2610587 0.1170479 0.2700676 0.3652705 0.3533947 0.2687514 0.3189861 0.2574635 0.2160348 0.3987850 0.2482535 0.7927350 0.2460948 0.2842556 0.3136617 0.3877600 0.3841648 0.2532755 0.4281137 0.3843256 0.2683088 0.3156418 0.3734821 0.1096368 0.2091461 0.2667806 0.2117374 0.6609442 0.2689430 
Euteleosteomorpha_Fundulus_heteroclitus         0.9542238 0.8770321 0.9843441 0.9955815 0.9185176 0.9316907 0.9541734 0.9548084 1.1855655 0.9212229 0.9869585 0.9994151 0.9716891 0.9158546 0.9891759 0.9460304 0.5284133 0.2123966 0.2029688 0.3989692 0.2537189 0.5526772 0.2045255 0.5454159 0.4912084 0.4974892 0.4682108 0.3999388 0.8988691 0.4056926 0.4091579 0.4364414 0.0000000 0.4127364 0.4133159 0.5279915 0.2097920 0.4215433 0.4157866 0.4223961 0.4330823 0.4707133 0.4913108 0.4319818 0.4586394 0.4435616 0.3789083 0.4906438 0.4301586 0.8751113 0.4154247 0.4654796 0.4702072 0.2116585 0.2113404 0.3615271 0.5701736 0.2127354 0.4283144 0.3982308 0.4647803 0.4196930 0.3970714 0.4261835 0.3804458 0.7399076 0.4312866 
Euteleosteomorpha_Sparus_aurata                 0.8238632 0.7486433 0.8796407 0.8765817 0.8244325 0.8450667 0.8337551 0.8509429 1.0511938 0.8036068 0.8562582 0.8792703 0.8338243 0.8323441 0.9716709 0.8274839 0.3849175 0.3815226 0.3798887 0.2212000 0.4115062 0.4294689 0.3804189 0.3976940 0.2908996 0.3493509 0.3458501 0.2128846 0.7726067 0.1846802 0.2213137 0.2500610 0.4127364 0.0000000 0.2301463 0.4539037 0.3812761 0.2641768 0.2580083 0.2461367 0.2977501 0.3974842 0.2988596 0.2996764 0.2946555 0.3021633 0.1915674 0.4109502 0.2910194 0.7474518 0.2496973 0.2810116 0.3256637 0.3845158 0.3791740 0.2635544 0.4689092 0.3813734 0.2944277 0.3246592 0.3749889 0.2436101 0.2069163 0.2934578 0.1889649 0.6341328 0.2994887 
Euteleosteomorpha_Anarrhichthys_ocellatus       0.8433390 0.7514645 0.8533595 0.8709943 0.7885143 0.8507925 0.8370375 0.8431769 0.9999807 0.8317065 0.8728456 0.8635180 0.8396959 0.8247626 0.8907909 0.8173673 0.3830303 0.4046928 0.3932881 0.1663199 0.4386246 0.4483113 0.4047142 0.4160945 0.2392442 0.3380276 0.3320340 0.1717710 0.7732768 0.2152382 0.2191237 0.2592108 0.4133159 0.2301463 0.0000000 0.4640683 0.3985008 0.2670046 0.2494932 0.2447556 0.2905046 0.4027760 0.2877791 0.2930820 0.2931382 0.2915774 0.1422648 0.4340640 0.2738866 0.7599345 0.2402346 0.2745208 0.3289784 0.4027968 0.4035172 0.2695584 0.4383231 0.4030522 0.2905179 0.3272048 0.3896089 0.2444850 0.1957829 0.2879446 0.1408954 0.6023709 0.2929009 
Euteleosteomorpha_Boleophthalmus_pectinirostris 0.8410767 0.8134072 0.8574927 0.8534752 0.8505518 0.8191438 0.8348966 0.8496174 1.0563497 0.8077161 0.8680077 0.8578723 0.8044370 0.8043596 0.9279723 0.8009573 0.5209428 0.5030980 0.5117485 0.4382439 0.5019876 0.5600328 0.5024337 0.5567033 0.5180756 0.5216950 0.4699409 0.4359531 0.8138827 0.4318180 0.4285421 0.4483673 0.5279915 0.4539037 0.4640683 0.0000000 0.5074166 0.4363187 0.4319442 0.4446387 0.4640523 0.5308848 0.4694588 0.4640576 0.4787527 0.4266363 0.4157234 0.5092247 0.4576454 0.7840170 0.4333412 0.4359324 0.4036932 0.5167464 0.5019177 0.4102239 0.5834094 0.5048091 0.4601135 0.4768316 0.5166169 0.4413776 0.4196589 0.4603265 0.4128188 0.7261848 0.4638353 
Euteleosteomorpha_Xiphophorus_maculatus         0.8790401 0.7972038 0.9089353 0.8970405 0.8642438 0.8416903 0.8631935 0.8865184 1.0883875 0.8450655 0.9082876 0.9107234 0.8797203 0.8246053 0.9500298 0.8601166 0.4955632 0.0590737 0.0150377 0.3712886 0.2291311 0.5026983 0.0498242 0.5285076 0.4459839 0.4656101 0.4488954 0.3671036 0.8105863 0.3646753 0.3736564 0.3815407 0.2097920 0.3812761 0.3985008 0.5074166 0.0000000 0.3933546 0.3782945 0.3746608 0.3971886 0.4031928 0.4561756 0.3969827 0.4181510 0.3834389 0.3487529 0.4342741 0.3701029 0.7825740 0.3827458 0.4122781 0.4340476 0.0142814 0.0570387 0.3339738 0.5191757 0.0587721 0.3898653 0.3417317 0.4200293 0.3697162 0.3693151 0.3885043 0.3511142 0.6833124 0.3956763 
Euteleosteomorpha_Anabas_testudineus            0.7984944 0.7324629 0.8743448 0.8650168 0.8328550 0.8237861 0.8071977 0.8618528 1.0441312 0.8014339 0.8484680 0.8850564 0.8143185 0.7968183 0.9097948 0.8345559 0.3934021 0.3931620 0.3934103 0.2451016 0.4187233 0.4307990 0.3909937 0.4223380 0.3395145 0.3730550 0.2172540 0.2466608 0.7893042 0.2495591 0.2267434 0.2660668 0.4215433 0.2641768 0.2670046 0.4363187 0.3933546 0.0000000 0.2247853 0.2598142 0.3031207 0.3972214 0.3104772 0.3038058 0.3188439 0.3015995 0.2285287 0.4450260 0.2914385 0.7919612 0.2363815 0.2813142 0.3246169 0.3994118 0.3904350 0.2732461 0.4593764 0.3931748 0.3023493 0.3407322 0.4146611 0.2609921 0.2131077 0.3004330 0.2273400 0.6542128 0.3037250 
Euteleosteomorpha_Mastacembelus_armatus         0.8098446 0.7441295 0.8453467 0.8471796 0.8087774 0.8216516 0.8152228 0.8409611 1.0029918 0.8136261 0.8740069 0.8530692 0.8301229 0.7986965 0.9008862 0.8198452 0.3862526 0.3729993 0.3778084 0.2400930 0.4013237 0.4419189 0.3741871 0.3986703 0.3201569 0.3591040 0.2795876 0.2282378 0.7559025 0.2419037 0.2158480 0.2610587 0.4157866 0.2580083 0.2494932 0.4319442 0.3782945 0.2247853 0.0000000 0.2631690 0.3021956 0.3812553 0.2832726 0.3029599 0.3053901 0.2950948 0.2071921 0.4186171 0.2716251 0.7694986 0.1983122 0.2735745 0.3151089 0.3793909 0.3748076 0.2607589 0.4402794 0.3761126 0.2933294 0.3291976 0.3921381 0.2587573 0.2055989 0.2922885 0.2077733 0.6211863 0.3022565 
Euteleosteomorpha_Acanthochromis_polyacanthus   0.8444373 0.7375498 0.8835347 0.8867957 0.8026759 0.8277848 0.8275816 0.8636818 1.0327563 0.7947625 0.8715340 0.8866712 0.8061449 0.8007588 0.9357188 0.8268090 0.3738541 0.3844696 0.3777464 0.2393796 0.4114006 0.4278442 0.3802672 0.4122322 0.3133037 0.3599723 0.3291871 0.2347937 0.7796585 0.2404716 0.2321475 0.1170479 0.4223961 0.2461367 0.2447556 0.4446387 0.3746608 0.2598142 0.2631690 0.0000000 0.2731220 0.3744260 0.3647076 0.2734458 0.3124960 0.2614097 0.2135633 0.3997721 0.2486890 0.7694200 0.2503150 0.2888956 0.3072174 0.3819932 0.3803244 0.2645827 0.4393163 0.3807034 0.2750033 0.3201448 0.3674378 0.0503059 0.2151854 0.2723641 0.2082890 0.6340254 0.2734143 
Euteleosteomorpha_Haplochromis_burtoni          0.8590400 0.7567780 0.8815298 0.9111785 0.8315618 0.8118630 0.8304873 0.8850152 1.0510814 0.7921168 0.8775565 0.8831770 0.8147472 0.8196916 0.9423179 0.8339313 0.4013128 0.4074537 0.3900647 0.2699524 0.4287724 0.4456296 0.4007981 0.4591831 0.3550124 0.4061282 0.3517235 0.2810059 0.8111840 0.2820731 0.2741460 0.2700676 0.4330823 0.2977501 0.2905046 0.4640523 0.3971886 0.3031207 0.3021956 0.2731220 0.0000000 0.3995619 0.3922522 0.0073772 0.3511138 0.2992382 0.2570740 0.4284622 0.1342356 0.8021509 0.2744952 0.3120171 0.3569643 0.4019047 0.4048322 0.0042225 0.4671353 0.4077544 0.0305549 0.3387585 0.3958787 0.2654559 0.2518584 0.0291483 0.2556122 0.6603935 0.0080526 
Euteleosteomorpha_Nothobranchius_furzeri        0.9010958 0.8041558 0.9184637 0.9292580 0.9135511 0.8900612 0.8876885 0.9056902 1.1109817 0.8682157 0.9247352 0.9229612 0.8847606 0.8887894 0.9813731 0.8885118 0.5013116 0.4062322 0.4019386 0.3769899 0.4575993 0.5160338 0.4032083 0.5330492 0.4470606 0.4763919 0.4640393 0.3831243 0.8459038 0.3727165 0.3781549 0.3652705 0.4707133 0.3974842 0.4027760 0.5308848 0.4031928 0.3972214 0.3812553 0.3744260 0.3995619 0.0000000 0.4486063 0.3987601 0.4374970 0.4069169 0.3584383 0.4600497 0.3743580 0.7674176 0.3869598 0.4263655 0.4592753 0.4119009 0.4026241 0.3592989 0.5589021 0.4061356 0.3913149 0.3204099 0.4420338 0.3724833 0.3897893 0.3904177 0.3584993 0.6689857 0.3982352 
Euteleosteomorpha_Paralichthys_olivaceus        0.9025289 0.7711638 0.9280640 0.9245111 0.8616630 0.9026956 0.9235228 0.9096455 1.0870426 0.8604793 0.9496172 0.9315328 0.8667785 0.8737146 0.9524191 0.8634115 0.4889540 0.4474807 0.4515923 0.2789971 0.5198161 0.5563977 0.4479878 0.4761185 0.3538346 0.3931096 0.3613605 0.2777038 0.8336927 0.2675838 0.2307720 0.3533947 0.4913108 0.2988596 0.2877791 0.4694588 0.4561756 0.3104772 0.2832726 0.3647076 0.3922522 0.4486063 0.0000000 0.3945878 0.3454086 0.3913211 0.2569931 0.4873074 0.3702963 0.8017932 0.2804794 0.2662847 0.3486503 0.4654341 0.4459741 0.3609168 0.4680936 0.4477547 0.3957726 0.4092789 0.4476272 0.3426962 0.2191411 0.3931750 0.2549891 0.6929060 0.3953541 
Euteleosteomorpha_Maylandia_zebra               0.8646889 0.7582555 0.8853591 0.9129411 0.8341420 0.8044049 0.8366673 0.8848245 1.0499799 0.7856763 0.8838909 0.8861228 0.8193100 0.8089160 0.9463072 0.8357330 0.3993045 0.4061895 0.3899025 0.2697211 0.4295925 0.4490636 0.4006902 0.4558574 0.3540375 0.4071634 0.3496624 0.2804169 0.8184564 0.2827704 0.2719283 0.2687514 0.4319818 0.2996764 0.2930820 0.4640576 0.3969827 0.3038058 0.3029599 0.2734458 0.0073772 0.3987601 0.3945878 0.0000000 0.3508596 0.2988717 0.2562460 0.4244038 0.1332659 0.8109805 0.2736725 0.3123673 0.3552532 0.4016529 0.4035712 0.0036058 0.4677405 0.4064911 0.0278182 0.3388572 0.3926701 0.2650747 0.2510577 0.0264228 0.2550093 0.6613300 0.0017638 
Euteleosteomorpha_Labrus_bergylta               0.8802746 0.7930840 0.9222248 0.9122038 0.8443111 0.8660175 0.8923331 0.9140257 1.0730905 0.8526262 0.9084542 0.9295452 0.8540041 0.8528334 0.9231360 0.9061195 0.4433480 0.4187284 0.4156207 0.2830161 0.4499302 0.4953479 0.4162986 0.4563020 0.3593715 0.4106372 0.3749437 0.2830411 0.8173503 0.2732017 0.2860987 0.3189861 0.4586394 0.2946555 0.2931382 0.4787527 0.4181510 0.3188439 0.3053901 0.3124960 0.3511138 0.4374970 0.3454086 0.3508596 0.0000000 0.3413775 0.2637249 0.4515798 0.3341334 0.7809561 0.3133830 0.3376550 0.3890237 0.4263008 0.4203989 0.3162919 0.4860098 0.4185546 0.3450338 0.3769680 0.4272056 0.3144636 0.2785623 0.3447226 0.2545071 0.6566096 0.3501681 
Euteleosteomorpha_Parambassis_ranga             0.8362611 0.7334160 0.8533255 0.8620140 0.8189679 0.8324488 0.8357722 0.8545857 0.9759375 0.7964790 0.8852524 0.8614640 0.8332681 0.8133788 0.8808017 0.8288558 0.3815441 0.3869131 0.3853279 0.2722203 0.4249591 0.4462673 0.3880658 0.4238033 0.3395887 0.3759515 0.3426831 0.2701324 0.7812756 0.2737725 0.2792905 0.2574635 0.4435616 0.3021633 0.2915774 0.4266363 0.3834389 0.3015995 0.2950948 0.2614097 0.2992382 0.4069169 0.3913211 0.2988717 0.3413775 0.0000000 0.2531173 0.4169782 0.2818933 0.7917714 0.2833169 0.3120541 0.3365826 0.3867605 0.3883511 0.2783454 0.4564339 0.3890248 0.3044072 0.3552016 0.3980741 0.2553937 0.2598977 0.3027784 0.2494435 0.6044332 0.2996034 
Euteleosteomorpha_Sander_lucioperca             0.8092167 0.7140831 0.8169591 0.8248563 0.7652146 0.8066963 0.8075101 0.8041938 0.9739696 0.7725641 0.8454953 0.8216000 0.7857517 0.7875392 0.8748400 0.7885076 0.3536649 0.3555574 0.3463778 0.1306261 0.3912572 0.4071702 0.3519138 0.3834631 0.2106345 0.3277386 0.3006911 0.0589727 0.7427781 0.1790761 0.1769001 0.2160348 0.3789083 0.1915674 0.1422648 0.4157234 0.3487529 0.2285287 0.2071921 0.2135633 0.2570740 0.3584383 0.2569931 0.2562460 0.2637249 0.2531173 0.0000000 0.3924526 0.2439073 0.7338988 0.2032278 0.2405683 0.2846478 0.3553281 0.3539270 0.2265764 0.4131525 0.3554331 0.2504280 0.3031087 0.3674455 0.2115353 0.1554431 0.2487630 0.0310471 0.6003398 0.2553577 
Euteleosteomorpha_Oryzias_latipes               0.9550680 0.8256774 0.9279027 0.9380142 0.8951384 0.8944035 0.9321969 0.9342548 1.1775908 0.8983452 0.9674058 0.9315969 0.9282862 0.8975927 1.0067368 0.8949483 0.5309017 0.4422293 0.4284445 0.4219784 0.4755640 0.5395220 0.4328065 0.5380622 0.4873704 0.5313970 0.4916544 0.4021292 0.8926590 0.4035171 0.4064988 0.3987850 0.4906438 0.4109502 0.4340640 0.5092247 0.4342741 0.4450260 0.4186171 0.3997721 0.4284622 0.4600497 0.4873074 0.4244038 0.4515798 0.4169782 0.3924526 0.0000000 0.4215773 0.8546869 0.4199139 0.4447386 0.4626594 0.4382525 0.4328640 0.3792942 0.5671691 0.4427776 0.4180095 0.4145029 0.1245386 0.4033480 0.4046746 0.4174935 0.3891335 0.7476292 0.4242107 
Euteleosteomorpha_Archocentrus_centrarchus      0.8618080 0.7395006 0.8901899 0.8970683 0.8231505 0.8455024 0.8448544 0.8805318 1.0221543 0.8264077 0.8902926 0.8963745 0.8533710 0.8527541 0.9332789 0.8436427 0.3826353 0.3845511 0.3722784 0.2621393 0.4212131 0.4304759 0.3861534 0.4441300 0.3493185 0.3811033 0.3443194 0.2659907 0.8013476 0.2691987 0.2620648 0.2482535 0.4301586 0.2910194 0.2738866 0.4576454 0.3701029 0.2914385 0.2716251 0.2486890 0.1342356 0.3743580 0.3702963 0.1332659 0.3341334 0.2818933 0.2439073 0.4215773 0.0000000 0.7911523 0.2573908 0.3000621 0.3449921 0.3763462 0.3837659 0.1291457 0.4316084 0.3879104 0.1258116 0.3257052 0.3938284 0.2395312 0.2439247 0.1250303 0.2397447 0.6333786 0.1327681 
Euteleosteomorpha_Esox_lucius                   0.8793506 0.8030789 0.8989346 0.9046953 0.8382925 0.7360199 0.8645817 0.9034738 1.3278153 0.8123158 0.9015776 0.8934177 0.8010155 0.7497266 1.0746515 0.8934535 0.8712319 0.7841955 0.7877761 0.7403043 0.8281027 0.9003517 0.7932538 0.8249442 0.7990879 0.7760785 0.8181597 0.7520942 0.3221023 0.7764078 0.7479434 0.7927350 0.8751113 0.7474518 0.7599345 0.7840170 0.7825740 0.7919612 0.7694986 0.7694200 0.8021509 0.7674176 0.8017932 0.8109805 0.7809561 0.7917714 0.7338988 0.8546869 0.7911523 0.0000000 0.7638544 0.7901262 0.7834625 0.7888360 0.7967688 0.7048448 0.8788336 0.7948852 0.8037442 0.8192893 0.8454253 0.7706310 0.7497660 0.8019918 0.7184246 0.9253566 0.8121479 
Euteleosteomorpha_Monopterus_albus              0.8147986 0.7233178 0.8728630 0.8789958 0.7857021 0.8408718 0.8155913 0.8588727 1.0262418 0.8087372 0.8352661 0.8791445 0.8009217 0.8159671 0.9022965 0.8130289 0.3751174 0.3796705 0.3824991 0.2295370 0.4110496 0.4310330 0.3752718 0.4189610 0.2941296 0.3672407 0.2924394 0.2287927 0.7600127 0.2359413 0.2153392 0.2460948 0.4154247 0.2496973 0.2402346 0.4333412 0.3827458 0.2363815 0.1983122 0.2503150 0.2744952 0.3869598 0.2804794 0.2736725 0.3133830 0.2833169 0.2032278 0.4199139 0.2573908 0.7638544 0.0000000 0.2664290 0.3182586 0.3851275 0.3769312 0.2379326 0.4304843 0.3807557 0.2741079 0.3345981 0.3921050 0.2499119 0.1976592 0.2731102 0.2028863 0.6201195 0.2735037 
Euteleosteomorpha_Echeneis_naucrates            0.8402947 0.7325968 0.8352106 0.8430031 0.7970523 0.8539401 0.8515502 0.8223641 1.0526482 0.8225734 0.8623134 0.8349280 0.8415331 0.8246137 0.9377143 0.8154323 0.4064520 0.4250975 0.4147022 0.2720339 0.4564145 0.4612887 0.4237444 0.4546570 0.3474290 0.3835683 0.3565553 0.2587767 0.8022894 0.2684923 0.2108737 0.2842556 0.4654796 0.2810116 0.2745208 0.4359324 0.4122781 0.2813142 0.2735745 0.2888956 0.3120171 0.4263655 0.2662847 0.3123673 0.3376550 0.3120541 0.2405683 0.4447386 0.3000621 0.7901262 0.2664290 0.0000000 0.3444056 0.4150565 0.4200070 0.2731400 0.4645342 0.4237544 0.3141388 0.3694008 0.4231592 0.2850267 0.1642329 0.3112678 0.2385386 0.6619840 0.3120245 
Euteleosteomorpha_Sphaeramia_orbicularis        0.8601009 0.7706482 0.9131602 0.9014256 0.8358119 0.8359421 0.8340965 0.8889627 1.0507047 0.7998102 0.8655399 0.9099210 0.8172908 0.8231708 0.9287892 0.8532961 0.4283887 0.4363509 0.4351549 0.3158806 0.4645351 0.4689567 0.4310039 0.4637797 0.3850541 0.3972747 0.3771802 0.3054554 0.8062774 0.2973713 0.2980326 0.3136617 0.4702072 0.3256637 0.3289784 0.4036932 0.4340476 0.3246169 0.3151089 0.3072174 0.3569643 0.4592753 0.3486503 0.3552532 0.3890237 0.3365826 0.2846478 0.4626594 0.3449921 0.7834625 0.3182586 0.3444056 0.0000000 0.4361761 0.4337903 0.3011944 0.4842456 0.4369426 0.3568927 0.4107150 0.4346035 0.3091507 0.2714438 0.3550966 0.2796904 0.6956901 0.3551253 
Euteleosteomorpha_Xiphophorus_hellerii          0.8858948 0.7988267 0.9222482 0.9093499 0.8822648 0.8511280 0.8701396 0.8981839 1.0829528 0.8458039 0.9094702 0.9210641 0.8823906 0.8298972 0.9520680 0.8540598 0.4938132 0.0570397 0.0172655 0.3780788 0.2275156 0.5043561 0.0485841 0.5302553 0.4514960 0.4668437 0.4474470 0.3738651 0.8158567 0.3684861 0.3795895 0.3877600 0.2116585 0.3845158 0.4027968 0.5167464 0.0142814 0.3994118 0.3793909 0.3819932 0.4019047 0.4119009 0.4654341 0.4016529 0.4263008 0.3867605 0.3553281 0.4382525 0.3763462 0.7888360 0.3851275 0.4150565 0.4361761 0.0000000 0.0540383 0.3368202 0.5258550 0.0558368 0.3955088 0.3479960 0.4232678 0.3747209 0.3735527 0.3941497 0.3579955 0.6863175 0.4003402 
Euteleosteomorpha_Poecilia_latipinna            0.8755282 0.7898970 0.9244309 0.9200380 0.8742791 0.8613573 0.8669417 0.8963521 1.0676718 0.8435101 0.9143509 0.9225011 0.8726387 0.8394456 0.9422259 0.8603827 0.4967669 0.0124617 0.0517528 0.3746613 0.2241503 0.4989226 0.0309001 0.5264242 0.4523337 0.4689927 0.4443722 0.3739168 0.8089127 0.3736284 0.3750111 0.3841648 0.2113404 0.3791740 0.4035172 0.5019177 0.0570387 0.3904350 0.3748076 0.3803244 0.4048322 0.4026241 0.4459741 0.4035712 0.4203989 0.3883511 0.3539270 0.4328640 0.3837659 0.7967688 0.3769312 0.4200070 0.4337903 0.0540383 0.0000000 0.3318117 0.5227314 0.0090437 0.3945361 0.3507485 0.4127165 0.3716749 0.3800156 0.3932190 0.3553322 0.6874717 0.4021766 
