67
Ictalurus_punctatus|46           0.0000000 0.8037997 0.8611279 0.8907714 0.8973981 0.3817205 0.1239568 0.8630739 1.3163442 0.4055726 0.2209569 0.8708786 0.4560861 0.3651678 1.0917592 0.9069366 0.9578436 0.8811297 0.8792977 0.8291111 0.9483963 0.9391460 0.8777539 0.9026846 0.8095072 0.8677470 0.8632819 0.8459238 0.8986264 0.8330845 0.8181594 0.8443908 0.9533392 0.8231727 0.8426524 0.8404122 0.8782776 0.7978443 0.8091846 0.8437073 0.8582647 0.9002943 0.9017494 0.8639105 0.8795341 0.8355242 0.8085790 0.9541921 0.8610406 0.8786836 0.8141128 0.8396132 0.8593563 0.8851356 0.8747670 0.7619372 0.9556915 0.8876318 0.8467446 0.8799773 0.8985890 0.8612358 0.8017239 0.8460176 0.8041134 1.0701811 0.8630002 
Chanos_chanos|1                  0.8037997 0.0000000 0.8076682 0.8551917 0.7790730 0.7259471 0.7830071 0.8270694 1.2260203 0.7410228 0.8193195 0.8125626 0.7644790 0.7164063 1.0836757 0.8043094 0.8475748 0.7947501 0.8083852 0.7507271 0.8569628 0.8371193 0.8008749 0.8365584 0.7885165 0.7641152 0.7843478 0.7467329 0.8461033 0.7105894 0.7143528 0.7394886 0.8762915 0.7481127 0.7509417 0.8127939 0.7965366 0.7319524 0.7436204 0.7370207 0.7561827 0.8035385 0.7706173 0.7576635 0.7924316 0.7328936 0.7136028 0.8250289 0.7389165 0.8024790 0.7228031 0.7321126 0.7700982 0.7981636 0.7892256 0.6687758 0.8194737 0.7917801 0.7706058 0.7615362 0.7957046 0.7491243 0.7118895 0.7698443 0.7054817 0.9734990 0.7583822 
Sinocyclocheilus_rhinocerous|154 0.8611279 0.8076682 0.0000000 0.1411654 0.9056916 0.7805095 0.8778090 0.1086186 1.2666145 0.7984092 0.8623057 0.0205830 0.8205884 0.7777082 1.0687960 0.9494733 0.9640400 0.9213734 0.9011124 0.8448440 0.9383654 0.9755058 0.9179804 0.9800198 0.9461199 0.8724946 0.9022381 0.8376214 0.9150913 0.8329912 0.8528241 0.8799751 0.9834200 0.8789077 0.8526689 0.8567512 0.9081027 0.8736650 0.8446784 0.8828256 0.8808065 0.9176919 0.9272824 0.8846340 0.9214250 0.8526205 0.8163312 0.9271190 0.8894270 0.8982393 0.8721539 0.8345651 0.9123826 0.9213955 0.9235858 0.7496429 0.9059552 0.9228582 0.8858114 0.9023989 0.8920867 0.8846469 0.8308360 0.8843027 0.8197018 1.0983272 0.8824081 
Carassius_auratus|148            0.8907714 0.8551917 0.1411654 0.0000000 0.9248751 0.7816446 0.8881606 0.0859309 1.2263122 0.7900004 0.8804796 0.1448251 0.8230637 0.7834075 1.0519891 0.9731208 0.9677221 0.9183292 0.8918290 0.8507903 0.9514013 0.9473086 0.9192035 0.9773826 0.9447918 0.8915611 0.9220187 0.8564808 0.9170243 0.8668886 0.8552432 0.8836744 0.9946555 0.8758871 0.8703046 0.8527483 0.8962235 0.8643542 0.8465451 0.8861076 0.9104401 0.9284801 0.9237726 0.9122074 0.9114263 0.8613087 0.8242523 0.9371998 0.8963259 0.9040139 0.8783221 0.8423616 0.9006827 0.9085106 0.9191913 0.7698454 0.9072576 0.9169302 0.9132917 0.9281899 0.9057490 0.8779942 0.8379723 0.9124914 0.8283251 1.0637102 0.9118185 
Denticeps_clupeoides|7           0.8973981 0.7790730 0.9056916 0.9248751 0.0000000 0.7814459 0.8761539 0.8902942 1.2400744 0.8179162 0.8995808 0.9117841 0.8249947 0.7957399 1.0726928 0.8114124 0.8619191 0.8742390 0.8712625 0.7857633 0.9174365 0.9058410 0.8780094 0.9139934 0.8170388 0.8397179 0.8378117 0.8088428 0.8532770 0.7888569 0.7637000 0.7902787 0.9176722 0.8237450 0.7878876 0.8498389 0.8634958 0.8321676 0.8081458 0.8020275 0.8308779 0.9127725 0.8608977 0.8334637 0.8435764 0.8182659 0.7646419 0.8943156 0.8224367 0.8376119 0.7850289 0.7963676 0.8351430 0.8815040 0.8735079 0.7364340 0.8715842 0.8682740 0.8422692 0.8860583 0.8704752 0.7888241 0.7747246 0.8358553 0.7627451 1.0537816 0.8326283 
Pygocentrus_nattereri|46         0.3817205 0.7259471 0.7805095 0.7816446 0.7814459 0.0000000 0.3599961 0.7703642 1.2199800 0.3067460 0.4433194 0.7854289 0.2956648 0.0644868 0.9605209 0.8557350 0.9836509 0.8618944 0.8451588 0.8449411 0.9087915 0.9515777 0.8486481 0.9300460 0.8541510 0.8414584 0.8582077 0.8288006 0.7778800 0.8319760 0.8440991 0.8355111 0.9308617 0.8443885 0.8501049 0.8185204 0.8409931 0.8231167 0.8209907 0.8271134 0.8112171 0.8893179 0.9019308 0.8037758 0.8652517 0.8317674 0.8060606 0.8936044 0.8447851 0.7354891 0.8401719 0.8532813 0.8352686 0.8504070 0.8606221 0.7151993 0.8639530 0.8670305 0.8047835 0.8604568 0.8677730 0.8258308 0.8342529 0.8057298 0.7984302 1.0084592 0.8063314 
Pangasianodon_hypophthalmus|46   0.1239568 0.7830071 0.8778090 0.8881606 0.8761539 0.3599961 0.0000000 0.8677608 1.3217662 0.3725698 0.1935376 0.8775621 0.4284951 0.3440925 1.0811268 0.9007029 0.9959456 0.8660482 0.8649436 0.8381030 0.9325733 0.9624190 0.8625876 0.8927852 0.7950615 0.8498706 0.8563908 0.8462549 0.8712895 0.8246717 0.8092679 0.8205124 0.9532962 0.8330735 0.8363619 0.8342316 0.8624412 0.8065309 0.8145747 0.8268819 0.8297660 0.8869093 0.9226970 0.8359435 0.8915617 0.8350326 0.8068744 0.9313501 0.8441169 0.8639483 0.8149067 0.8508334 0.8333888 0.8693973 0.8661797 0.7380118 0.9479285 0.8739946 0.8243699 0.8598547 0.8979269 0.8411811 0.8090855 0.8245453 0.8005101 1.0569342 0.8384917 
Sinocyclocheilus_grahami|148     0.8630739 0.8270694 0.1086186 0.0859309 0.8902942 0.7703642 0.8677608 0.0000000 1.2171513 0.7861780 0.8613578 0.1107344 0.7949030 0.7632073 1.0585520 0.9512629 0.9540135 0.8986960 0.8804017 0.8328063 0.9480052 0.9610167 0.8922509 0.9846859 0.9298526 0.8791289 0.8975339 0.8242765 0.9237441 0.8315461 0.8434511 0.8672558 0.9539610 0.8502652 0.8425329 0.8488814 0.8857476 0.8612008 0.8403231 0.8630149 0.8843102 0.9049627 0.9089245 0.8841243 0.9132628 0.8538796 0.8036068 0.9334810 0.8798195 0.9028246 0.8582215 0.8217561 0.8882464 0.8973960 0.8955722 0.7601261 0.9139731 0.8983874 0.8887958 0.8902680 0.8996082 0.8567811 0.8206016 0.8862700 0.8025162 1.0696998 0.8844910 
Danio_rerio|1                    1.3163442 1.2260203 1.2666145 1.2263122 1.2400744 1.2199800 1.3217662 1.2171513 0.0000000 1.2861714 1.3220190 1.2666885 1.3203342 1.2184320 0.6136609 1.2376076 1.1429515 1.0873995 1.0757156 1.0165091 1.1539604 1.1209119 1.0792067 1.1270673 1.0614522 1.0562497 1.0944220 0.9827073 1.3546784 0.9929506 1.0084023 1.0430852 1.1843662 1.0502662 0.9990863 1.0553490 1.0872543 1.0432200 1.0021095 1.0318092 1.0501044 1.1099146 1.0861054 1.0490145 1.0721303 0.9750454 0.9731268 1.1764422 1.0211781 1.3264599 1.0253232 1.0516548 1.0497734 1.0818567 1.0665905 0.8930726 1.2004772 1.0923826 1.0328859 1.0391351 1.1156146 1.0196981 0.9858946 1.0329432 0.9645426 1.3256291 1.0478443 
Electrophorus_electricus|283     0.4055726 0.7410228 0.7984092 0.7900004 0.8179162 0.3067460 0.3725698 0.7861780 1.2861714 0.0000000 0.4368357 0.7997020 0.3662733 0.2901224 1.0991306 0.8886406 0.9054274 0.8609346 0.8439050 0.8160536 0.9428728 0.9091506 0.8534847 0.8941001 0.8246400 0.7992877 0.8554218 0.7961723 0.8162199 0.7951189 0.8011899 0.8084910 0.9204155 0.8029557 0.8310483 0.8071132 0.8443752 0.8007918 0.8129591 0.7941088 0.7914609 0.8674595 0.8597439 0.7850352 0.8518613 0.7957719 0.7719669 0.8975667 0.8256740 0.8117086 0.8080582 0.8218627 0.7991676 0.8451126 0.8428029 0.7014163 0.8884812 0.8617957 0.7868110 0.8504694 0.8789786 0.7993582 0.7893842 0.7878421 0.7661987 1.0090678 0.7870634 
Tachysurus_fulvidraco|46         0.2209569 0.8193195 0.8623057 0.8804796 0.8995808 0.4433194 0.1935376 0.8613578 1.3220190 0.4368357 0.0000000 0.8698037 0.4937958 0.4226247 1.0735235 0.9187523 1.0144279 0.9240486 0.9116272 0.8636408 0.9832526 0.9956318 0.9221241 0.9373876 0.8475722 0.9015453 0.8972172 0.8588582 0.8955274 0.8564959 0.8437911 0.8713418 0.9859698 0.8554951 0.8720696 0.8672751 0.9074478 0.8477106 0.8732371 0.8707361 0.8767219 0.9238561 0.9487088 0.8830569 0.9075933 0.8844017 0.8447579 0.9664478 0.8894187 0.9008278 0.8345308 0.8615374 0.8647564 0.9086517 0.9135082 0.7721954 0.9606241 0.9282550 0.8710546 0.9040093 0.9275329 0.8812504 0.8311217 0.8692442 0.8374776 1.0775401 0.8829630 
Sinocyclocheilus_anshuiensis|154 0.8708786 0.8125626 0.0205830 0.1448251 0.9117841 0.7854289 0.8775621 0.1107344 1.2666885 0.7997020 0.8698037 0.0000000 0.8195115 0.7776268 1.0833497 0.9414077 0.9697887 0.9208433 0.9036973 0.8518396 0.9475192 0.9671854 0.9160871 0.9892936 0.9447225 0.8837692 0.9128347 0.8416568 0.9147223 0.8446032 0.8589354 0.8784872 0.9984707 0.8785316 0.8628165 0.8571295 0.9098792 0.8843588 0.8523928 0.8859593 0.8824429 0.9221719 0.9307510 0.8853877 0.9287343 0.8607484 0.8209707 0.9308281 0.8956018 0.8927223 0.8784298 0.8342762 0.9091363 0.9202043 0.9216553 0.7516553 0.8945687 0.9232779 0.8865597 0.9136965 0.8861290 0.8881697 0.8313752 0.8850521 0.8217968 1.0922492 0.8831637 
Astyanax_mexicanus|46            0.4560861 0.7644790 0.8205884 0.8230637 0.8249947 0.2956648 0.4284951 0.7949030 1.3203342 0.3662733 0.4937958 0.8195115 0.0000000 0.2858644 1.1048352 0.8542931 0.9645293 0.8888811 0.8758246 0.8255664 0.9496370 0.9494844 0.8629460 0.8802676 0.8315070 0.8492829 0.8506020 0.8062229 0.8220455 0.8022745 0.7901004 0.8265945 0.9707730 0.8331308 0.8389943 0.8037703 0.8789353 0.8136438 0.8294367 0.8054540 0.8140864 0.8839845 0.8660375 0.8186402 0.8532344 0.8325463 0.7851432 0.9274513 0.8526352 0.8004178 0.8002398 0.8408412 0.8166107 0.8816037 0.8718429 0.7070781 0.8828852 0.8826905 0.7996711 0.8470719 0.8702006 0.8267096 0.7986205 0.8017538 0.7781784 1.0200753 0.8210460 
Colossoma_macropomum|46          0.3651678 0.7164063 0.7777082 0.7834075 0.7957399 0.0644868 0.3440925 0.7632073 1.2184320 0.2901224 0.4226247 0.7776268 0.2858644 0.0000000 0.9855058 0.8389508 0.9592506 0.8386669 0.8280159 0.8203934 0.9006098 0.9592268 0.8225845 0.8899477 0.8387474 0.8216017 0.8437605 0.8085584 0.7462128 0.8080994 0.8159148 0.8137578 0.9150707 0.8316762 0.8241046 0.8037438 0.8239229 0.7961796 0.7980622 0.8001150 0.8190342 0.8880498 0.8729788 0.8082794 0.8520843 0.8127142 0.7869385 0.8968048 0.8520374 0.7491871 0.8153087 0.8239785 0.8225107 0.8291990 0.8387360 0.7159129 0.8666586 0.8436655 0.8129349 0.8424523 0.8739946 0.8058196 0.7962095 0.8113315 0.7819405 1.0079744 0.8108084 
Puntigrus_tetrazona|25           1.0917592 1.0836757 1.0687960 1.0519891 1.0726928 0.9605209 1.0811268 1.0585520 0.6136609 1.0991306 1.0735235 1.0833497 1.1048352 0.9855058 0.0000000 1.0360019 0.9929120 0.9436812 0.9532661 0.9020126 0.9711961 0.9825184 0.9472828 0.9916622 0.9459115 0.9040812 0.9434400 0.9064312 1.0828573 0.9225080 0.9078798 0.9094887 0.9882371 0.9708188 0.8900242 0.9271049 0.9491456 0.9089807 0.9001154 0.9348497 0.9414453 0.9804576 0.9515718 0.9454404 0.9223102 0.8800073 0.8740905 1.0057423 0.9323810 1.0736026 0.9014919 0.9368726 0.9279500 0.9511937 0.9413725 0.7988064 1.0265494 0.9498635 0.9411751 0.9345067 0.9838054 0.9387369 0.8789438 0.9417634 0.8535299 1.1090235 0.9453949 
Clupea_harengus|22               0.9069366 0.8043094 0.9494733 0.9731208 0.8114124 0.8557350 0.9007029 0.9512629 1.2376076 0.8886406 0.9187523 0.9414077 0.8542931 0.8389508 1.0360019 0.0000000 0.9088833 0.8624887 0.8594287 0.8104047 0.8880907 0.9029578 0.8537908 0.8946170 0.8558724 0.8852471 0.8942119 0.8264050 0.9342119 0.8329852 0.8022927 0.8126754 0.9451519 0.8268055 0.8166698 0.8003539 0.8593132 0.8338636 0.8191949 0.8261213 0.8332141 0.8877047 0.8626672 0.8350247 0.9052650 0.8281297 0.7878881 0.8941904 0.8428919 0.8926603 0.8123508 0.8147745 0.8525380 0.8532754 0.8595828 0.7140526 0.9315910 0.8629613 0.8441626 0.9038185 0.8700550 0.8422395 0.7757120 0.8437529 0.7748599 1.0745750 0.8345548 
Salarias_fasciatus|22            0.9578436 0.8475748 0.9640400 0.9677221 0.8619191 0.9836509 0.9959456 0.9540135 1.1429515 0.9054274 1.0144279 0.9697887 0.9645293 0.9592506 0.9929120 0.9088833 0.0000000 0.4967481 0.4950961 0.3593917 0.5342521 0.4816767 0.5000634 0.5404524 0.4545247 0.4784194 0.4326683 0.3724882 0.8832393 0.3796483 0.3700739 0.3841259 0.5280720 0.3847262 0.3828289 0.5205780 0.4952333 0.3932178 0.3860563 0.3736697 0.4010878 0.5009851 0.4886518 0.3990814 0.4430978 0.3813473 0.3535058 0.5305724 0.3824255 0.8705277 0.3749337 0.4062338 0.4281632 0.4934833 0.4964322 0.3549479 0.5268166 0.4981335 0.3960655 0.4735964 0.4970523 0.3652488 0.3651310 0.3937517 0.3510864 0.7045743 0.3992384 
Poecilia_mexicana|22             0.8811297 0.7947501 0.9213734 0.9183292 0.8742390 0.8618944 0.8660482 0.8986960 1.0873995 0.8609346 0.9240486 0.9208433 0.8888811 0.8386669 0.9436812 0.8624887 0.4967481 0.0000000 0.0540296 0.3797536 0.2250399 0.4979269 0.0328009 0.5333295 0.4583016 0.4760559 0.4452831 0.3768910 0.8029540 0.3768335 0.3773908 0.3856764 0.2123322 0.3813181 0.4044602 0.5027994 0.0590677 0.3929494 0.3728148 0.3842712 0.4072308 0.4060192 0.4472112 0.4059701 0.4184813 0.3867065 0.3553903 0.4419802 0.3843432 0.7835669 0.3794587 0.4248478 0.4361173 0.0570341 0.0124612 0.3339769 0.5168903 0.0047310 0.3968508 0.3561371 0.4216474 0.3748253 0.3843430 0.3955251 0.3578833 0.6920415 0.4047116 
Xiphophorus_couchianus|22        0.8792977 0.8083852 0.9011124 0.8918290 0.8712625 0.8451588 0.8649436 0.8804017 1.0757156 0.8439050 0.9116272 0.9036973 0.8758246 0.8280159 0.9532661 0.8594287 0.4950961 0.0540296 0.0000000 0.3704887 0.2211649 0.5017667 0.0445259 0.5224555 0.4480060 0.4650138 0.4474740 0.3649391 0.8155444 0.3649718 0.3715712 0.3821160 0.2029091 0.3796947 0.3930706 0.5114355 0.0150371 0.3932089 0.3776250 0.3775607 0.3898617 0.4017318 0.4513324 0.3897026 0.4153823 0.3851358 0.3462202 0.4282109 0.3720887 0.7871372 0.3822941 0.4144727 0.4349211 0.0172647 0.0517478 0.3288740 0.5206699 0.0531708 0.3841931 0.3383453 0.4137371 0.3712061 0.3727452 0.3828699 0.3485505 0.6830589 0.3884463 
Cottoperca_gobio|16              0.8291111 0.7507271 0.8448440 0.8507903 0.7857633 0.8449411 0.8381030 0.8328063 1.0165091 0.8160536 0.8636408 0.8518396 0.8255664 0.8203934 0.9020126 0.8104047 0.3593917 0.3797536 0.3704887 0.0000000 0.4085913 0.4160287 0.3788068 0.4106508 0.1795232 0.3413641 0.3192221 0.1537470 0.7638378 0.2063957 0.2096267 0.2335075 0.3987682 0.2211338 0.1662768 0.4380095 0.3710980 0.2450231 0.2400176 0.2393007 0.2698526 0.3768174 0.2788901 0.2696221 0.2829022 0.2721199 0.1306004 0.4217658 0.2620459 0.7397844 0.2294663 0.2719314 0.3157482 0.3778821 0.3744612 0.2534469 0.4267585 0.3797819 0.2644908 0.3317479 0.4003906 0.2385488 0.1851305 0.2626878 0.1308721 0.6057810 0.2699208 
Cyprinodon_variegatus|28         0.9483963 0.8569628 0.9383654 0.9514013 0.9174365 0.9087915 0.9325733 0.9480052 1.1539604 0.9428728 0.9832526 0.9475192 0.9496370 0.9006098 0.9711961 0.8880907 0.5342521 0.2250399 0.2211649 0.4085913 0.0000000 0.5546390 0.2153065 0.5516249 0.4929279 0.5141835 0.4801035 0.4010691 0.8850035 0.4132453 0.4022890 0.4102414 0.2536230 0.4112815 0.4383546 0.5016670 0.2290495 0.4184947 0.4011132 0.4111774 0.4285372 0.4573429 0.5194569 0.4293599 0.4496574 0.4247087 0.3910599 0.4752823 0.4209821 0.8274015 0.4108125 0.4561309 0.4642688 0.2274338 0.2240722 0.3660509 0.5459738 0.2263961 0.4216870 0.3780871 0.4567985 0.3996947 0.4152724 0.4185754 0.3914451 0.7149150 0.4291485 
Gouania_willdenowi|37            0.9391460 0.8371193 0.9755058 0.9473086 0.9058410 0.9515777 0.9624190 0.9610167 1.1209119 0.9091506 0.9956318 0.9671854 0.9494844 0.9592268 0.9825184 0.9029578 0.4816767 0.4979269 0.5017667 0.4160287 0.5546390 0.0000000 0.5052120 0.5528027 0.4947206 0.5151130 0.4584197 0.4176603 0.9245439 0.4253684 0.4377606 0.4251428 0.5522929 0.4292293 0.4480557 0.5596596 0.5023567 0.4305721 0.4416698 0.4276100 0.4453857 0.5156897 0.5560319 0.4488200 0.4950412 0.4460302 0.4069592 0.5391611 0.4302345 0.8995427 0.4308135 0.4610221 0.4687035 0.5040124 0.4985853 0.4037341 0.5624701 0.5009329 0.4492766 0.4969479 0.5073444 0.4160237 0.4219238 0.4466598 0.3987858 0.7171764 0.4489671 
Poecilia_reticulata|22           0.8777539 0.8008749 0.9179804 0.9192035 0.8780094 0.8486481 0.8625876 0.8922509 1.0792067 0.8534847 0.9221241 0.9160871 0.8629460 0.8225845 0.9472828 0.8537908 0.5000634 0.0328009 0.0445259 0.3788068 0.2153065 0.5052120 0.0000000 0.5311142 0.4532749 0.4660333 0.4485934 0.3743270 0.8173718 0.3720357 0.3722470 0.3829694 0.2044668 0.3802197 0.4044798 0.5021288 0.0498196 0.3907874 0.3740026 0.3800761 0.4005774 0.4030014 0.4477197 0.4004725 0.4160621 0.3878652 0.3517522 0.4325658 0.3859432 0.7926094 0.3750685 0.4235022 0.4307751 0.0485797 0.0308981 0.3312087 0.5240671 0.0312184 0.3942467 0.3438402 0.4181029 0.3731970 0.3774834 0.3929286 0.3578134 0.6945535 0.3992319 
Takifugu_rubripes|22             0.9026846 0.8365584 0.9800198 0.9773826 0.9139934 0.9300460 0.8927852 0.9846859 1.1270673 0.8941001 0.9373876 0.9892936 0.8802676 0.8899477 0.9916622 0.8946170 0.5404524 0.5333295 0.5224555 0.4106508 0.5516249 0.5528027 0.5311142 0.0000000 0.5077040 0.5271191 0.4775635 0.4003444 0.8524521 0.3815227 0.4058779 0.4080469 0.5450718 0.3975023 0.4158827 0.5563744 0.5281669 0.4221166 0.3984827 0.4120447 0.4589492 0.5327551 0.4758571 0.4556287 0.4560614 0.4236059 0.3832871 0.5377710 0.4439008 0.8243365 0.4187497 0.4544171 0.4635342 0.5299096 0.5260750 0.3802887 0.5620059 0.5330158 0.4582713 0.4882357 0.5142690 0.4212778 0.3838129 0.4564428 0.3778866 0.7317500 0.4552649 
Notothenia_coriiceps|22          0.8095072 0.7885165 0.9461199 0.9447918 0.8170388 0.8541510 0.7950615 0.9298526 1.0614522 0.8246400 0.8475722 0.9447225 0.8315070 0.8387474 0.9459115 0.8558724 0.4545247 0.4583016 0.4480060 0.1795232 0.4929279 0.4947206 0.4532749 0.5077040 0.0000000 0.4456432 0.3818821 0.2465645 0.8487621 0.2736896 0.2753716 0.3024728 0.4909268 0.2907845 0.2391585 0.5177780 0.4457341 0.3393674 0.3200269 0.3131794 0.3548503 0.4468196 0.3536684 0.3538758 0.3592118 0.3394458 0.2105742 0.4870964 0.3491580 0.7985197 0.2940248 0.3472743 0.3848508 0.4512443 0.4520805 0.3063627 0.4779599 0.4599740 0.3543661 0.3859374 0.4453069 0.3065149 0.2554841 0.3518439 0.2051595 0.6871762 0.3535857 
Myripristis_murdjan|112          0.8677470 0.7641152 0.8724946 0.8915611 0.8397179 0.8414584 0.8498706 0.8791289 1.0562497 0.7992877 0.9015453 0.8837692 0.8492829 0.8216017 0.9040812 0.8852471 0.4784194 0.4760559 0.4650138 0.3413641 0.5141835 0.5151130 0.4660333 0.5271191 0.4456432 0.0000000 0.4300360 0.3399081 0.8046370 0.3478294 0.3305815 0.3622463 0.4971820 0.3491887 0.3378719 0.5213618 0.4653245 0.3728880 0.3589515 0.3598090 0.4059130 0.4761113 0.3929113 0.4069464 0.4104193 0.3757643 0.3276050 0.5310659 0.3809097 0.7754999 0.3670729 0.3833904 0.3970861 0.4665580 0.4686919 0.3505532 0.5205891 0.4768787 0.4012085 0.4379900 0.4867943 0.3658083 0.3267906 0.3989089 0.3217013 0.6202709 0.4072651 
Betta_splendens|22               0.8632819 0.7843478 0.9022381 0.9220187 0.8378117 0.8582077 0.8563908 0.8975339 1.0944220 0.8554218 0.8972172 0.9128347 0.8506020 0.8437605 0.9434400 0.8942119 0.4326683 0.4452831 0.4474740 0.3192221 0.4801035 0.4584197 0.4485934 0.4775635 0.3818821 0.4300360 0.0000000 0.3136634 0.7960154 0.3186188 0.3010156 0.3298961 0.4679478 0.3457083 0.3319018 0.4696587 0.4486442 0.2171973 0.2794886 0.3290645 0.3515731 0.4637891 0.3611911 0.3495134 0.3747632 0.3425472 0.3005869 0.4913724 0.3441717 0.8175426 0.2923332 0.3564049 0.3770004 0.4471988 0.4441163 0.3127783 0.4950492 0.4462512 0.3494867 0.4050390 0.4550778 0.3299386 0.2852428 0.3477625 0.2942650 0.6870894 0.3497773 
Etheostoma_spectabile|97         0.8459238 0.7467329 0.8376214 0.8564808 0.8088428 0.8288006 0.8462549 0.8242765 0.9827073 0.7961723 0.8588582 0.8416568 0.8062229 0.8085584 0.9064312 0.8264050 0.3724882 0.3768910 0.3649391 0.1537470 0.4010691 0.4176603 0.3743270 0.4003444 0.2465645 0.3399081 0.3136634 0.0000000 0.7653322 0.2028640 0.1999135 0.2360651 0.3997487 0.2128223 0.1717262 0.4357163 0.3669310 0.2465893 0.2281762 0.2347267 0.2809014 0.3829580 0.2776077 0.2803141 0.2829377 0.2700396 0.0589686 0.4019502 0.2658963 0.7515544 0.2287256 0.2586895 0.3053380 0.3736884 0.3737372 0.2503087 0.4306198 0.3771879 0.2773294 0.3206530 0.3739833 0.2316233 0.1830804 0.2759745 0.0616227 0.6204871 0.2801457 
Salmo_salar|67                   0.8986264 0.8461033 0.9150913 0.9170243 0.8532770 0.7778800 0.8712895 0.9237441 1.3546784 0.8162199 0.8955274 0.9147223 0.8220455 0.7462128 1.0828573 0.9342119 0.8832393 0.8029540 0.8155444 0.7638378 0.8850035 0.9245439 0.8173718 0.8524521 0.8487621 0.8046370 0.7960154 0.7653322 0.0000000 0.7575704 0.7551604 0.8038258 0.8980980 0.7720899 0.7727170 0.8132832 0.8099779 0.7887413 0.7553915 0.7791167 0.8105645 0.8452662 0.8330524 0.8178373 0.8167279 0.7807374 0.7422868 0.8919373 0.8007336 0.3219696 0.7594988 0.8017155 0.8057063 0.8152436 0.8082928 0.7017120 0.9212897 0.8102460 0.8088604 0.8317891 0.8516318 0.7830093 0.7484130 0.8028679 0.7271092 0.9694179 0.8178167 
Larimichthys_crocea|22           0.8330845 0.7105894 0.8329912 0.8668886 0.7888569 0.8319760 0.8246717 0.8315461 0.9929506 0.7951189 0.8564959 0.8446032 0.8022745 0.8080994 0.9225080 0.8329852 0.3796483 0.3768335 0.3649718 0.2063957 0.4132453 0.4253684 0.3720357 0.3815227 0.2736896 0.3478294 0.3186188 0.2028640 0.7575704 0.0000000 0.2115116 0.2405664 0.4054757 0.1846354 0.2151670 0.4315748 0.3644979 0.2494746 0.2418266 0.2403943 0.2819654 0.3725428 0.2674825 0.2826618 0.2731080 0.2736716 0.1790318 0.4033269 0.2691006 0.7758438 0.2358721 0.2683939 0.2972488 0.3683045 0.3734409 0.2571554 0.4281387 0.3752623 0.2735230 0.3142378 0.3810396 0.2365870 0.1910427 0.2725331 0.1783157 0.6153313 0.2820623 
Lates_calcarifer|22              0.8181594 0.7143528 0.8528241 0.8552432 0.7637000 0.8440991 0.8092679 0.8434511 1.0084023 0.8011899 0.8437911 0.8589354 0.7901004 0.8159148 0.9078798 0.8022927 0.3700739 0.3773908 0.3715712 0.2096267 0.4022890 0.4377606 0.3722470 0.4058779 0.2753716 0.3305815 0.3010156 0.1999135 0.7551604 0.2115116 0.0000000 0.2360150 0.4089257 0.2212449 0.2190537 0.4283070 0.3734519 0.2266728 0.2157881 0.2320726 0.2740323 0.3779771 0.2307017 0.2718166 0.2859870 0.2791781 0.1768534 0.4062992 0.2619618 0.7473946 0.2152765 0.2108144 0.2979176 0.3793813 0.3747994 0.2457748 0.4347995 0.3767705 0.2742129 0.3199232 0.3708249 0.2268967 0.1329269 0.2726940 0.1794299 0.6182355 0.2711854 
Stegastes_partitus|22            0.8443908 0.7394886 0.8799751 0.8836744 0.7902787 0.8355111 0.8205124 0.8672558 1.0430852 0.8084910 0.8713418 0.8784872 0.8265945 0.8137578 0.9094887 0.8126754 0.3841259 0.3856764 0.3821160 0.2335075 0.4102414 0.4251428 0.3829694 0.4080469 0.3024728 0.3622463 0.3298961 0.2360651 0.8038258 0.2405664 0.2360150 0.0000000 0.4362176 0.2499836 0.2591299 0.4481161 0.3813616 0.2659766 0.2609791 0.1170290 0.2699735 0.3651033 0.3532418 0.2686593 0.3188480 0.2573814 0.2159798 0.3986069 0.2481724 0.7921182 0.2460217 0.2841500 0.3135328 0.3875729 0.3839741 0.2531910 0.4278751 0.3841361 0.2682173 0.3155051 0.3733140 0.1096211 0.2090904 0.2666896 0.2116821 0.6604834 0.2688507 
Fundulus_heteroclitus|25         0.9533392 0.8762915 0.9834200 0.9946555 0.9176722 0.9308617 0.9532962 0.9539610 1.1843662 0.9204155 0.9859698 0.9984707 0.9707730 0.9150707 0.9882371 0.9451519 0.5280720 0.2123322 0.2029091 0.3987682 0.2536230 0.5522929 0.2044668 0.5450718 0.4909268 0.4971820 0.4679478 0.3997487 0.8980980 0.4054757 0.4089257 0.4362176 0.0000000 0.4125304 0.4130922 0.5276568 0.2097310 0.4213340 0.4155844 0.4221716 0.4328519 0.4704693 0.4910207 0.4317543 0.4583679 0.4433089 0.3787344 0.4903454 0.4299166 0.8743470 0.4152029 0.4652102 0.4699448 0.2115958 0.2112764 0.3613584 0.5697749 0.2126695 0.4280870 0.3980332 0.4644970 0.4194782 0.3968649 0.4259548 0.3802626 0.7392993 0.4310582 
Sparus_aurata|22                 0.8231727 0.7481127 0.8789077 0.8758871 0.8237450 0.8443885 0.8330735 0.8502652 1.0502662 0.8029557 0.8554951 0.8785316 0.8331308 0.8316762 0.9708188 0.8268055 0.3847262 0.3813181 0.3796947 0.2211338 0.4112815 0.4292293 0.3802197 0.3975023 0.2907845 0.3491887 0.3457083 0.2128223 0.7720899 0.1846354 0.2212449 0.2499836 0.4125304 0.0000000 0.2300696 0.4536655 0.3810804 0.2640862 0.2579253 0.2460607 0.2976336 0.3973008 0.2987379 0.2995575 0.2945410 0.3020422 0.1915170 0.4107601 0.2909047 0.7469421 0.2496191 0.2809070 0.3255217 0.3843190 0.3789723 0.2634601 0.4686399 0.3811706 0.2943156 0.3245215 0.3748190 0.2435364 0.2068543 0.2933457 0.1889126 0.6336499 0.2993705 
Anarrhichthys_ocellatus|22       0.8426524 0.7509417 0.8526689 0.8703046 0.7878876 0.8501049 0.8363619 0.8425329 0.9990863 0.8310483 0.8720696 0.8628165 0.8389943 0.8241046 0.8900242 0.8166698 0.3828289 0.4044602 0.3930706 0.1662768 0.4383546 0.4480557 0.4044798 0.4158827 0.2391585 0.3378719 0.3319018 0.1717262 0.7727170 0.2151670 0.2190537 0.2591299 0.4130922 0.2300696 0.0000000 0.4638053 0.3982767 0.2669132 0.2494153 0.2446766 0.2903897 0.4025767 0.2876616 0.2929650 0.2930193 0.2914668 0.1422334 0.4338433 0.2737807 0.7593878 0.2401566 0.2744210 0.3288421 0.4025683 0.4032881 0.2694596 0.4380715 0.4028223 0.2904037 0.3270558 0.3894167 0.2444067 0.1957270 0.2878314 0.1408631 0.6019520 0.2927846 
Boleophthalmus_pectinirostris|22 0.8404122 0.8127939 0.8567512 0.8527483 0.8498389 0.8185204 0.8342316 0.8488814 1.0553490 0.8071132 0.8672751 0.8571295 0.8037703 0.8037438 0.9271049 0.8003539 0.5205780 0.5027994 0.5114355 0.4380095 0.5016670 0.5596596 0.5021288 0.5563744 0.5177780 0.5213618 0.4696587 0.4357163 0.8132832 0.4315748 0.4283070 0.4481161 0.5276568 0.4536655 0.4638053 0.0000000 0.5071081 0.4360721 0.4317056 0.4443965 0.4637719 0.5305588 0.4691611 0.4637770 0.4784751 0.4264002 0.4155038 0.5089199 0.4573755 0.7834405 0.4331073 0.4356798 0.4034771 0.5164329 0.5016232 0.4100005 0.5829973 0.5045098 0.4598359 0.4765654 0.5163047 0.4411300 0.4194362 0.4600448 0.4126037 0.7256028 0.4635550 
Xiphophorus_maculatus|22         0.8782776 0.7965366 0.9081027 0.8962235 0.8634958 0.8409931 0.8624412 0.8857476 1.0872543 0.8443752 0.9074478 0.9098792 0.8789353 0.8239229 0.9491456 0.8593132 0.4952333 0.0590677 0.0150371 0.3710980 0.2290495 0.5023567 0.0498196 0.5281669 0.4457341 0.4653245 0.4486442 0.3669310 0.8099779 0.3644979 0.3734519 0.3813616 0.2097310 0.3810804 0.3982767 0.5071081 0.0000000 0.3931519 0.3781110 0.3744780 0.3969786 0.4029812 0.4559101 0.3967760 0.4179112 0.3832509 0.3485925 0.4340381 0.3699115 0.7819505 0.3825438 0.4120516 0.4338148 0.0142809 0.0570331 0.3338186 0.5188196 0.0587663 0.3896617 0.3415753 0.4197959 0.3695389 0.3691365 0.3882994 0.3509493 0.6827533 0.3954698 
Anabas_testudineus|22            0.7978443 0.7319524 0.8736650 0.8643542 0.8321676 0.8231167 0.8065309 0.8612008 1.0432200 0.8007918 0.8477106 0.8843588 0.8136438 0.7961796 0.9089807 0.8338636 0.3932178 0.3929494 0.3932089 0.2450231 0.4184947 0.4305721 0.3907874 0.4221166 0.3393674 0.3728880 0.2171973 0.2465893 0.7887413 0.2494746 0.2266728 0.2659766 0.4213340 0.2640862 0.2669132 0.4360721 0.3931519 0.0000000 0.2247200 0.2597258 0.3030065 0.3970382 0.3103474 0.3036909 0.3187110 0.3014878 0.2284654 0.4448023 0.2913286 0.7913684 0.2363060 0.2812174 0.3244803 0.3992035 0.3902285 0.2731548 0.4591055 0.3929646 0.3022332 0.3405827 0.4144489 0.2609027 0.2130484 0.3003174 0.2272716 0.6537357 0.3036099 
Mastacembelus_armatus|64         0.8091846 0.7436204 0.8446784 0.8465451 0.8081458 0.8209907 0.8145747 0.8403231 1.0021095 0.8129591 0.8732371 0.8523928 0.8294367 0.7980622 0.9001154 0.8191949 0.3860563 0.3728148 0.3776250 0.2400176 0.4011132 0.4416698 0.3740026 0.3984827 0.3200269 0.3589515 0.2794886 0.2281762 0.7553915 0.2418266 0.2157881 0.2609791 0.4155844 0.2579253 0.2494153 0.4317056 0.3781110 0.2247200 0.0000000 0.2630901 0.3020746 0.3810874 0.2831682 0.3028379 0.3052642 0.2949884 0.2071396 0.4184225 0.2715265 0.7689459 0.1982653 0.2734825 0.3149885 0.3792039 0.3746224 0.2606681 0.4400307 0.3759250 0.2932154 0.3290620 0.3919593 0.2586776 0.2055470 0.2921746 0.2077189 0.6207550 0.3021353 
Acanthochromis_polyacanthus|22   0.8437073 0.7370207 0.8828256 0.8861076 0.8020275 0.8271134 0.8268819 0.8630149 1.0318092 0.7941088 0.8707361 0.8859593 0.8054540 0.8001150 0.9348497 0.8261213 0.3736697 0.3842712 0.3775607 0.2393007 0.4111774 0.4276100 0.3800761 0.4120447 0.3131794 0.3598090 0.3290645 0.2347267 0.7791167 0.2403943 0.2320726 0.1170290 0.4221716 0.2460607 0.2446766 0.4443965 0.3744780 0.2597258 0.2630901 0.0000000 0.2730304 0.3742532 0.3645519 0.2733541 0.3123639 0.2613213 0.2135056 0.3995894 0.2486085 0.7688423 0.2502384 0.2887915 0.3070950 0.3818047 0.3801310 0.2644940 0.4390677 0.3805091 0.2749129 0.3200074 0.3672702 0.0503026 0.2151301 0.2722745 0.2082297 0.6336167 0.2733219 
Haplochromis_burtoni|31          0.8582647 0.7561827 0.8808065 0.9104401 0.8308779 0.8112171 0.8297660 0.8843102 1.0501044 0.7914609 0.8767219 0.8824429 0.8140864 0.8190342 0.9414453 0.8332141 0.4010878 0.4072308 0.3898617 0.2698526 0.4285372 0.4453857 0.4005774 0.4589492 0.3548503 0.4059130 0.3515731 0.2809014 0.8105645 0.2819654 0.2740323 0.2699735 0.4328519 0.2976336 0.2903897 0.4637719 0.3969786 0.3030065 0.3020746 0.2730304 0.0000000 0.3993585 0.3920521 0.0073771 0.3509412 0.2991203 0.2569844 0.4282511 0.1342091 0.8015213 0.2743945 0.3118852 0.3567937 0.4016897 0.4046099 0.0042225 0.4668389 0.4075315 0.0305529 0.3386021 0.3956885 0.2653671 0.2517653 0.0291464 0.2555247 0.6599075 0.0080525 
Nothobranchius_furzeri|22        0.9002943 0.8035385 0.9176919 0.9284801 0.9127725 0.8893179 0.8869093 0.9049627 1.1099146 0.8674595 0.9238561 0.9221719 0.8839845 0.8880498 0.9804576 0.8877047 0.5009851 0.4060192 0.4017318 0.3768174 0.4573429 0.5156897 0.4030014 0.5327551 0.4468196 0.4761113 0.4637891 0.3829580 0.8452662 0.3725428 0.3779771 0.3651033 0.4704693 0.3973008 0.4025767 0.5305588 0.4029812 0.3970382 0.3810874 0.3742532 0.3993585 0.0000000 0.4483575 0.3985573 0.4372709 0.4067050 0.3582892 0.4597989 0.3741775 0.7668574 0.3867776 0.4261405 0.4590222 0.4116858 0.4024153 0.3591299 0.5585057 0.4059237 0.3911208 0.3202822 0.4417854 0.3723089 0.3895980 0.3902217 0.3583425 0.6684924 0.3980314 
Paralichthys_olivaceus|22        0.9017494 0.7706173 0.9272824 0.9237726 0.8608977 0.9019308 0.9226970 0.9089245 1.0861054 0.8597439 0.9487088 0.9307510 0.8660375 0.8729788 0.9515718 0.8626672 0.4886518 0.4472112 0.4513324 0.2788901 0.5194569 0.5560319 0.4477197 0.4758571 0.3536684 0.3929113 0.3611911 0.2776077 0.8330524 0.2674825 0.2307017 0.3532418 0.4910207 0.2987379 0.2876616 0.4691611 0.4559101 0.3103474 0.2831682 0.3645519 0.3920521 0.4483575 0.0000000 0.3943861 0.3452499 0.3911214 0.2569030 0.4870543 0.3701190 0.8011527 0.2803733 0.2661962 0.3484906 0.4651577 0.4457102 0.3607471 0.4678178 0.4474860 0.3955668 0.4090650 0.4474024 0.3425523 0.2190751 0.3929697 0.2549002 0.6924096 0.3951520 
Maylandia_zebra|22               0.8639105 0.7576635 0.8846340 0.9122074 0.8334637 0.8037758 0.8359435 0.8841243 1.0490145 0.7850352 0.8830569 0.8853877 0.8186402 0.8082794 0.9454404 0.8350247 0.3990814 0.4059701 0.3897026 0.2696221 0.4293599 0.4488200 0.4004725 0.4556287 0.3538758 0.4069464 0.3495134 0.2803141 0.8178373 0.2826618 0.2718166 0.2686593 0.4317543 0.2995575 0.2929650 0.4637770 0.3967760 0.3036909 0.3028379 0.2733541 0.0073771 0.3985573 0.3943861 0.0000000 0.3506875 0.2987540 0.2561570 0.4241963 0.1332394 0.8103442 0.2735718 0.3122349 0.3550846 0.4014421 0.4033534 0.0036058 0.4674441 0.4062717 0.0278164 0.3386997 0.3924820 0.2649864 0.2509655 0.0264211 0.2549229 0.6608526 0.0017638 
Labrus_bergylta|10               0.8795341 0.7924316 0.9214250 0.9114263 0.8435764 0.8652517 0.8915617 0.9132628 1.0721303 0.8518613 0.9075933 0.9287343 0.8532344 0.8520843 0.9223102 0.9052650 0.4430978 0.4184813 0.4153823 0.2829022 0.4496574 0.4950412 0.4160621 0.4560614 0.3592118 0.4104193 0.3747632 0.2829377 0.8167279 0.2731080 0.2859870 0.3188480 0.4583679 0.2945410 0.2930193 0.4784751 0.4179112 0.3187110 0.3052642 0.3123639 0.3509412 0.4372709 0.3452499 0.3506875 0.0000000 0.3412292 0.2636332 0.4513377 0.3339779 0.7803373 0.3132548 0.3375031 0.3888394 0.4260498 0.4201560 0.3161449 0.4857025 0.4183100 0.3448703 0.3767762 0.4269800 0.3143275 0.2784570 0.3445589 0.2544185 0.6561071 0.3499974 
Parambassis_ranga|22             0.8355242 0.7328936 0.8526205 0.8613087 0.8182659 0.8317674 0.8350326 0.8538796 0.9750454 0.7957719 0.8844017 0.8607484 0.8325463 0.8127142 0.8800073 0.8281297 0.3813473 0.3867065 0.3851358 0.2721199 0.4247087 0.4460302 0.3878652 0.4236059 0.3394458 0.3757643 0.3425472 0.2700396 0.7807374 0.2736716 0.2791781 0.2573814 0.4433089 0.3020422 0.2914668 0.4264002 0.3832509 0.3014878 0.2949884 0.2613213 0.2991203 0.4067050 0.3911214 0.2987540 0.3412292 0.0000000 0.2530340 0.4167736 0.2817868 0.7912071 0.2832098 0.3119238 0.3364379 0.3865659 0.3881471 0.2782454 0.4561474 0.3888187 0.3042860 0.3550344 0.3978716 0.2553073 0.2598075 0.3026579 0.2493599 0.6039987 0.2994851 
Sander_lucioperca|22             0.8085790 0.7136028 0.8163312 0.8242523 0.7646419 0.8060606 0.8068744 0.8036068 0.9731268 0.7719669 0.8447579 0.8209707 0.7851432 0.7869385 0.8740905 0.7878881 0.3535058 0.3553903 0.3462202 0.1306004 0.3910599 0.4069592 0.3517522 0.3832871 0.2105742 0.3276050 0.3005869 0.0589686 0.7422868 0.1790318 0.1768534 0.2159798 0.3787344 0.1915170 0.1422334 0.4155038 0.3485925 0.2284654 0.2071396 0.2135056 0.2569844 0.3582892 0.2569030 0.2561570 0.2636332 0.2530340 0.0000000 0.3922736 0.2438290 0.7333994 0.2031745 0.2404927 0.2845407 0.3551636 0.3537616 0.2265103 0.4129361 0.3552659 0.2503451 0.3029852 0.3672790 0.2114781 0.1554081 0.2486805 0.0310456 0.5999403 0.2552697 
Oryzias_latipes|40               0.9541921 0.8250289 0.9271190 0.9371998 0.8943156 0.8936044 0.9313501 0.9334810 1.1764422 0.8975667 0.9664478 0.9308281 0.9274513 0.8968048 1.0057423 0.8941904 0.5305724 0.4419802 0.4282109 0.4217658 0.4752823 0.5391611 0.4325658 0.5377710 0.4870964 0.5310659 0.4913724 0.4019502 0.8919373 0.4033269 0.4062992 0.3986069 0.4903454 0.4107601 0.4338433 0.5089199 0.4340381 0.4448023 0.4184225 0.3995894 0.4282511 0.4597989 0.4870543 0.4241963 0.4513377 0.4167736 0.3922736 0.0000000 0.4213683 0.8539791 0.4197008 0.4445027 0.4624072 0.4380117 0.4326224 0.3791109 0.5667809 0.4425285 0.4178025 0.4143063 0.1245158 0.4031626 0.4044733 0.4172854 0.3889626 0.7470117 0.4240025 
Archocentrus_centrarchus|22      0.8610406 0.7389165 0.8894270 0.8963259 0.8224367 0.8447851 0.8441169 0.8798195 1.0211781 0.8256740 0.8894187 0.8956018 0.8526352 0.8520374 0.9323810 0.8428919 0.3824255 0.3843432 0.3720887 0.2620459 0.4209821 0.4302345 0.3859432 0.4439008 0.3491580 0.3809097 0.3441717 0.2658963 0.8007336 0.2691006 0.2619618 0.2481724 0.4299166 0.2909047 0.2737807 0.4573755 0.3699115 0.2913286 0.2715265 0.2486085 0.1342091 0.3741775 0.3701190 0.1332394 0.3339779 0.2817868 0.2438290 0.4213683 0.0000000 0.7905108 0.2573029 0.2999417 0.3448350 0.3761478 0.3835575 0.1291217 0.4313565 0.3876973 0.1257896 0.3255616 0.3936349 0.2394526 0.2438411 0.1250084 0.2396684 0.6329126 0.1327418 
Esox_lucius|22                   0.8786836 0.8024790 0.8982393 0.9040139 0.8376119 0.7354891 0.8639483 0.9028246 1.3264599 0.8117086 0.9008278 0.8927223 0.8004178 0.7491871 1.0736026 0.8926603 0.8705277 0.7835669 0.7871372 0.7397844 0.8274015 0.8995427 0.7926094 0.8243365 0.7985197 0.7754999 0.8175426 0.7515544 0.3219696 0.7758438 0.7473946 0.7921182 0.8743470 0.7469421 0.7593878 0.7834405 0.7819505 0.7913684 0.7689459 0.7688423 0.8015213 0.7668574 0.8011527 0.8103442 0.7803373 0.7912071 0.7333994 0.8539791 0.7905108 0.0000000 0.7632933 0.7895397 0.7828983 0.7882070 0.7961251 0.7043282 0.8780936 0.7942387 0.8031106 0.8186709 0.8447444 0.7700531 0.7492400 0.8013561 0.7179437 0.9246119 0.8115071 
Monopterus_albus|22              0.8141128 0.7228031 0.8721539 0.8783221 0.7850289 0.8401719 0.8149067 0.8582215 1.0253232 0.8080582 0.8345308 0.8784298 0.8002398 0.8153087 0.9014919 0.8123508 0.3749337 0.3794587 0.3822941 0.2294663 0.4108125 0.4308135 0.3750685 0.4187497 0.2940248 0.3670729 0.2923332 0.2287256 0.7594988 0.2358721 0.2152765 0.2460217 0.4152029 0.2496191 0.2401566 0.4331073 0.3825438 0.2363060 0.1982653 0.2502384 0.2743945 0.3867776 0.2803733 0.2735718 0.3132548 0.2832098 0.2031745 0.4197008 0.2573029 0.7632933 0.0000000 0.2663424 0.3181359 0.3849231 0.3767237 0.2378561 0.4302446 0.3805452 0.2740053 0.3344534 0.3919166 0.2498353 0.1976099 0.2730079 0.2028298 0.6196929 0.2734037 
Echeneis_naucrates|22            0.8396132 0.7321126 0.8345651 0.8423616 0.7963676 0.8532813 0.8508334 0.8217561 1.0516548 0.8218627 0.8615374 0.8342762 0.8408412 0.8239785 0.9368726 0.8147745 0.4062338 0.4248478 0.4144727 0.2719314 0.4561309 0.4610221 0.4235022 0.4544171 0.3472743 0.3833904 0.3564049 0.2586895 0.8017155 0.2683939 0.2108144 0.2841500 0.4652102 0.2809070 0.2744210 0.4356798 0.4120516 0.2812174 0.2734825 0.2887915 0.3118852 0.4261405 0.2661962 0.3122349 0.3375031 0.3119238 0.2404927 0.4445027 0.2999417 0.7895397 0.2663424 0.0000000 0.3442686 0.4148294 0.4197654 0.2730396 0.4642467 0.4235071 0.3140043 0.3692204 0.4229404 0.2849212 0.1641965 0.3111338 0.2384587 0.6614847 0.3118920 
Sphaeramia_orbicularis|43        0.8593563 0.7700982 0.9123826 0.9006827 0.8351430 0.8352686 0.8333888 0.8882464 1.0497734 0.7991676 0.8647564 0.9091363 0.8166107 0.8225107 0.9279500 0.8525380 0.4281632 0.4361173 0.4349211 0.3157482 0.4642688 0.4687035 0.4307751 0.4635342 0.3848508 0.3970861 0.3770004 0.3053380 0.8057063 0.2972488 0.2979176 0.3135328 0.4699448 0.3255217 0.3288421 0.4034771 0.4338148 0.3244803 0.3149885 0.3070950 0.3567937 0.4590222 0.3484906 0.3550846 0.3888394 0.3364379 0.2845407 0.4624072 0.3448350 0.7828983 0.3181359 0.3442686 0.0000000 0.4359444 0.4335590 0.3010692 0.4839383 0.4367070 0.3567172 0.4105159 0.4343747 0.3090261 0.2713443 0.3549212 0.2795835 0.6951711 0.3549565 
Xiphophorus_hellerii|22          0.8851356 0.7981636 0.9213955 0.9085106 0.8815040 0.8504070 0.8693973 0.8973960 1.0818567 0.8451126 0.9086517 0.9202043 0.8816037 0.8291990 0.9511937 0.8532754 0.4934833 0.0570341 0.0172647 0.3778821 0.2274338 0.5040124 0.0485797 0.5299096 0.4512443 0.4665580 0.4471988 0.3736884 0.8152436 0.3683045 0.3793813 0.3875729 0.2115958 0.3843190 0.4025683 0.5164329 0.0142809 0.3992035 0.3792039 0.3818047 0.4016897 0.4116858 0.4651577 0.4014421 0.4260498 0.3865659 0.3551636 0.4380117 0.3761478 0.7882070 0.3849231 0.4148294 0.4359444 0.0000000 0.0540331 0.3366632 0.5254864 0.0558314 0.3953010 0.3478362 0.4230300 0.3745379 0.3733732 0.3939405 0.3578253 0.6857540 0.4001296 
Poecilia_latipinna|22            0.8747670 0.7892256 0.9235858 0.9191913 0.8735079 0.8606221 0.8661797 0.8955722 1.0665905 0.8428029 0.9135082 0.9216553 0.8718429 0.8387360 0.9413725 0.8595828 0.4964322 0.0124612 0.0517478 0.3744612 0.2240722 0.4985853 0.0308981 0.5260750 0.4520805 0.4686919 0.4441163 0.3737372 0.8082928 0.3734409 0.3747994 0.3839741 0.2112764 0.3789723 0.4032881 0.5016232 0.0570331 0.3902285 0.3746224 0.3801310 0.4046099 0.4024153 0.4457102 0.4033534 0.4201560 0.3881471 0.3537616 0.4326224 0.3835575 0.7961251 0.3767237 0.4197654 0.4335590 0.0540331 0.0000000 0.3316578 0.5223711 0.0090433 0.3943236 0.3505825 0.4124844 0.3714906 0.3798247 0.3930052 0.3551620 0.6869006 0.4019595 
Pundamilia_nyererei|22           0.7619372 0.6687758 0.7496429 0.7698454 0.7364340 0.7151993 0.7380118 0.7601261 0.8930726 0.7014163 0.7721954 0.7516553 0.7070781 0.7159129 0.7988064 0.7140526 0.3549479 0.3339769 0.3288740 0.2534469 0.3660509 0.4037341 0.3312087 0.3802887 0.3063627 0.3505532 0.3127783 0.2503087 0.7017120 0.2571554 0.2457748 0.2531910 0.3613584 0.2634601 0.2694596 0.4100005 0.3338186 0.2731548 0.2606681 0.2644940 0.0042225 0.3591299 0.3607471 0.0036058 0.3161449 0.2782454 0.2265103 0.3791109 0.1291217 0.7043282 0.2378561 0.2730396 0.3010692 0.3366632 0.3316578 0.0000000 0.4067654 0.3339698 0.0265594 0.2990390 0.3426808 0.2571048 0.2201264 0.0259284 0.2266913 0.5702505 0.0030022 
