67
Ictalurus_punctatus|46           0.0000000 0.8041233 0.8614845 0.8911479 0.8977459 0.3818083 0.1239670 0.8634338 1.3170071 0.4056739 0.2209861 0.8712430 0.4561994 0.3652471 1.0922663 0.9073314 0.9582316 0.8814769 0.8796336 0.8294363 0.9487898 0.9395458 0.8780982 0.9030634 0.8098250 0.8680870 0.8636379 0.8462528 0.8990162 0.8333948 0.8184560 0.8447194 0.9537369 0.8234868 0.8429802 0.8407523 0.8786134 0.7981492 0.8094989 0.8440367 0.8586077 0.9006760 0.9021186 0.8642565 0.8798850 0.8358356 0.8088818 0.9546032 0.8613742 0.8790466 0.8144187 0.8399310 0.8596996 0.8854784 0.8751118 0.7622174 0.9560886 0.8879817 0.8470750 0.8803268 0.8989592 0.8615664 0.8020234 0.8463469 0.8044096 1.0706814 0.8633461 
Chanos_chanos|1                  0.8041233 0.0000000 0.8079846 0.8555393 0.7793700 0.7262292 0.7833098 0.8274103 1.2266213 0.7413110 0.8196450 0.8128865 0.7647826 0.7166828 1.0841828 0.8046155 0.8479126 0.7950485 0.8086915 0.7509922 0.8572957 0.8374448 0.8011777 0.8368898 0.7888123 0.7644028 0.7846479 0.7470091 0.8464654 0.7108302 0.7145882 0.7397552 0.8766493 0.7483887 0.7512072 0.8131093 0.7968379 0.7322129 0.7438905 0.7372852 0.7564476 0.8038487 0.7709066 0.7579298 0.7927268 0.7331468 0.7138491 0.8253589 0.7391731 0.8028040 0.7230574 0.7323725 0.7703852 0.7984658 0.7895212 0.6689924 0.8197936 0.7920770 0.7708765 0.7618132 0.7960027 0.7493955 0.7121312 0.7701145 0.7057272 0.9739410 0.7586488 
Sinocyclocheilus_rhinocerous|154 0.8614845 0.8079846 0.0000000 0.1411786 0.9060608 0.7808034 0.8781726 0.1086268 1.2672392 0.7987178 0.8626498 0.0205833 0.8209173 0.7780026 1.0692695 0.9498438 0.9644465 0.9217536 0.9014775 0.8451682 0.9387593 0.9759148 0.9183609 0.9804474 0.9465128 0.8728389 0.9026095 0.8379522 0.9154858 0.8333069 0.8531435 0.8803285 0.9838627 0.8792568 0.8529944 0.8571037 0.9084735 0.8740176 0.8450084 0.8831860 0.8811582 0.9180736 0.9276560 0.8849904 0.9218016 0.8529544 0.8166495 0.9275270 0.8897865 0.8986292 0.8724974 0.8348833 0.9127534 0.9217785 0.9239694 0.7499233 0.9063171 0.9232411 0.8861694 0.9027821 0.8924548 0.8850099 0.8311501 0.8846595 0.8200222 1.0988293 0.8827628 
Carassius_auratus|148            0.8911479 0.8555393 0.1411786 0.0000000 0.9252620 0.7819383 0.8885258 0.0859363 1.2269052 0.7903102 0.8808347 0.1448387 0.8233951 0.7837071 1.0524585 0.9735162 0.9681400 0.9187067 0.8921856 0.8511219 0.9517979 0.9476918 0.9195863 0.9778214 0.9451814 0.8919313 0.9224054 0.8568349 0.9174156 0.8672301 0.8555711 0.8840375 0.9951042 0.8762450 0.8706429 0.8530973 0.8965851 0.8647012 0.8468862 0.8864760 0.9108199 0.9288811 0.9241629 0.9125901 0.9117977 0.8616516 0.8245819 0.9376190 0.8966956 0.9044052 0.8786773 0.8426889 0.9010543 0.9088814 0.9195731 0.7701423 0.9076233 0.9173091 0.9136778 0.9285995 0.9061338 0.8783594 0.8382973 0.9128763 0.8286556 1.0641986 0.9122007 
Denticeps_clupeoides|7           0.8977459 0.7793700 0.9060608 0.9252620 0.0000000 0.7817356 0.8765004 0.8906630 1.2406687 0.8182430 0.8999395 0.9121565 0.8253128 0.7960397 1.0731560 0.8117289 0.8622587 0.8745817 0.8716043 0.7860483 0.9178051 0.9062076 0.8783524 0.9143862 0.8173417 0.8400411 0.8381387 0.8091428 0.8536048 0.7891293 0.7639570 0.7905755 0.9180508 0.8240413 0.7881723 0.8501884 0.8638332 0.8324798 0.8084428 0.8023245 0.8311895 0.9131396 0.8612330 0.8337745 0.8438881 0.8185640 0.7649088 0.8946807 0.8227383 0.8379459 0.7853095 0.7966618 0.8354539 0.8818534 0.8738540 0.7366898 0.8719344 0.8686166 0.8425875 0.8864077 0.8708095 0.7891163 0.7749972 0.8361702 0.7630102 1.0542808 0.8329385 
Pygocentrus_nattereri|46         0.3818083 0.7262292 0.7808034 0.7819383 0.7817356 0.0000000 0.3600725 0.7706545 1.2205507 0.3068034 0.4434294 0.7857277 0.2957183 0.0644895 0.9609395 0.8560799 0.9840798 0.8622406 0.8454879 0.8452728 0.9091709 0.9519757 0.8489843 0.9304482 0.8544865 0.8417930 0.8585637 0.8291243 0.7781994 0.8322967 0.8444218 0.8358398 0.9312597 0.8447281 0.8504425 0.8188536 0.8413224 0.8234335 0.8213161 0.8274337 0.8115329 0.8896918 0.9022961 0.8040877 0.8656029 0.8320813 0.8063636 0.8940048 0.8451182 0.7357731 0.8405055 0.8536238 0.8356044 0.8507393 0.8609647 0.7154629 0.8642892 0.8673761 0.8050971 0.8608096 0.8681426 0.8261498 0.8345740 0.8060426 0.7987261 1.0089074 0.8066456 
Pangasianodon_hypophthalmus|46   0.1239670 0.7833098 0.8781726 0.8885258 0.8765004 0.3600725 0.0000000 0.8681175 1.3224153 0.3726548 0.1935616 0.8779285 0.4285985 0.3441633 1.0816062 0.9010910 0.9963587 0.8663883 0.8652721 0.8384372 0.9329616 0.9628287 0.8629239 0.8931588 0.7953643 0.8502011 0.8567346 0.8465853 0.8716618 0.8249802 0.8095631 0.8208280 0.9537028 0.8333954 0.8366887 0.8345636 0.8627718 0.8068403 0.8148945 0.8271984 0.8300919 0.8872818 0.9230742 0.8362723 0.8919166 0.8353413 0.8071772 0.9317518 0.8444410 0.8643107 0.8152110 0.8511501 0.8337135 0.8697335 0.8665165 0.7382823 0.9483166 0.8743371 0.8246867 0.8601917 0.8983000 0.8415024 0.8093874 0.8248609 0.8008067 1.0574220 0.8388243 
Sinocyclocheilus_grahami|148     0.8634338 0.8274103 0.1086268 0.0859363 0.8906630 0.7706545 0.8681175 0.0000000 1.2177360 0.7864835 0.8617041 0.1107429 0.7952211 0.7634975 1.0590170 0.9516498 0.9544291 0.8990699 0.8807631 0.8331297 0.9484120 0.9614201 0.8926264 0.9851345 0.9302376 0.8794897 0.8979082 0.8246155 0.9241502 0.8318694 0.8437772 0.8676154 0.9543933 0.8506106 0.8428605 0.8492274 0.8861127 0.8615475 0.8406545 0.8633749 0.8846798 0.9053529 0.9093079 0.8844951 0.9136371 0.8542202 0.8039271 0.9338956 0.8801807 0.9032289 0.8585649 0.8220727 0.8886161 0.8977737 0.8959462 0.7604220 0.9143454 0.8987636 0.8891690 0.8906561 0.8999872 0.8571396 0.8209209 0.8866413 0.8028371 1.0701963 0.8848615 
Danio_rerio|1                    1.3170071 1.2266213 1.2672392 1.2269052 1.2406687 1.2205507 1.3224153 1.2177360 0.0000000 1.2868053 1.3226687 1.2673114 1.3209670 1.2189983 0.6138539 1.2382406 1.1434865 1.0878714 1.0761800 1.0169315 1.1544941 1.1214408 1.0796660 1.1275714 1.0619210 1.0567172 1.0949208 0.9831154 1.3553845 0.9933510 1.0088095 1.0435332 1.1849228 1.0507223 0.9995045 1.0558003 1.0877266 1.0436711 1.0025262 1.0322482 1.0505444 1.1104226 1.0865932 1.0494549 1.0726087 0.9754475 0.9735237 1.1769934 1.0215994 1.3271372 1.0257644 1.0521087 1.0502384 1.0823315 1.0670434 0.8934257 1.2010361 1.0928566 1.0333076 1.0395829 1.1161121 1.0201334 0.9862994 1.0333655 0.9649351 1.3262592 1.0482837 
Electrophorus_electricus|283     0.4056739 0.7413110 0.7987178 0.7903102 0.8182430 0.3068034 0.3726548 0.7864835 1.2868053 0.0000000 0.4369472 0.8000149 0.3663503 0.2901751 1.0996402 0.8890260 0.9058017 0.8612843 0.8442325 0.8163822 0.9432749 0.9095266 0.8538264 0.8944889 0.8249681 0.7995947 0.8557768 0.7964807 0.8165570 0.7954192 0.8014845 0.8088090 0.9208012 0.8032769 0.8313807 0.8074333 0.8447056 0.8011031 0.8132825 0.7944187 0.7917657 0.8678185 0.8600911 0.7853360 0.8522026 0.7960624 0.7722549 0.8979592 0.8259945 0.8120461 0.8083693 0.8221723 0.7994786 0.8454445 0.8431378 0.7016615 0.8888364 0.8621446 0.7871127 0.8508204 0.8793537 0.7996670 0.7896822 0.7881439 0.7664819 1.0095168 0.7873656 
Tachysurus_fulvidraco|46         0.2209861 0.8196450 0.8626498 0.8808347 0.8999395 0.4434294 0.1935616 0.8617041 1.3226687 0.4369472 0.0000000 0.8701544 0.4939258 0.4227273 1.0740050 0.9191385 1.0148530 0.9244234 0.9119837 0.8639851 0.9836681 0.9960671 0.9224933 0.9377985 0.8479024 0.9019107 0.8975865 0.8592034 0.8959102 0.8568189 0.8441064 0.8716921 0.9863887 0.8558294 0.8724181 0.8676330 0.9078063 0.8480447 0.8735978 0.8710818 0.8770690 0.9242448 0.9491066 0.8834103 0.9079610 0.8847432 0.8450896 0.9668644 0.8897687 0.9012080 0.8348508 0.8618655 0.8651111 0.9090131 0.9138738 0.7724809 0.9610270 0.9286305 0.8713948 0.9043737 0.9279093 0.8815985 0.8314377 0.8695822 0.8378038 1.0780293 0.8833163 
Sinocyclocheilus_anshuiensis|154 0.8712430 0.8128865 0.0205833 0.1448387 0.9121565 0.7857277 0.8779285 0.1107429 1.2673114 0.8000149 0.8701544 0.0000000 0.8198432 0.7779241 1.0838323 0.9417728 0.9701991 0.9212200 0.9040600 0.8521641 0.9479142 0.9675874 0.9164628 0.9897245 0.9451108 0.8841135 0.9132097 0.8419867 0.9151206 0.8449209 0.8592548 0.8788374 0.9989166 0.8788753 0.8631453 0.8574822 0.9102471 0.8847170 0.8527241 0.8863198 0.8827928 0.9225546 0.9311237 0.8857420 0.9291110 0.8610839 0.8212882 0.9312365 0.8959612 0.8931091 0.8787725 0.8345912 0.9095046 0.9205823 0.9220347 0.7519350 0.8949206 0.9236577 0.8869156 0.9140820 0.8864939 0.8885344 0.8316856 0.8854067 0.8221141 1.0927402 0.8835163 
Astyanax_mexicanus|46            0.4561994 0.7647826 0.8209173 0.8233951 0.8253128 0.2957183 0.4285985 0.7952211 1.3209670 0.3663503 0.4939258 0.8198432 0.0000000 0.2859137 1.1053394 0.8546333 0.9649384 0.8892406 0.8761717 0.8258931 0.9500271 0.9498691 0.8632860 0.8806367 0.8318298 0.8496127 0.8509443 0.8065364 0.8223753 0.8025738 0.7903900 0.8269147 0.9711808 0.8334587 0.8393253 0.8040905 0.8792841 0.8139496 0.8297703 0.8057595 0.8143979 0.8843534 0.8663772 0.8189548 0.8535646 0.8328609 0.7854405 0.9278656 0.8529680 0.8007422 0.8005449 0.8411639 0.8169385 0.8819548 0.8721916 0.7073305 0.8832297 0.8830446 0.7999749 0.8474149 0.8705601 0.8270293 0.7989221 0.8020586 0.7784675 1.0205335 0.8213627 
Colossoma_macropomum|46          0.3652471 0.7166828 0.7780026 0.7837071 0.7960397 0.0644895 0.3441633 0.7634975 1.2189983 0.2901751 0.4227273 0.7779241 0.2859137 0.0000000 0.9859388 0.8392784 0.9596548 0.8389923 0.8283303 0.8207095 0.9009788 0.9596258 0.8228997 0.8903160 0.8390670 0.8219158 0.8441000 0.8088668 0.7465171 0.8083971 0.8162200 0.8140703 0.9154559 0.8320023 0.8244222 0.8040587 0.8242385 0.7964776 0.7983728 0.8004144 0.8193515 0.8884186 0.8733280 0.8085911 0.8524197 0.8130134 0.7872295 0.8971977 0.8523696 0.7494780 0.8156200 0.8242970 0.8228272 0.8295153 0.8390586 0.7161767 0.8670008 0.8439906 0.8132484 0.8427878 0.8743619 0.8061204 0.7965063 0.8116435 0.7822260 1.0084157 0.8111223 
Puntigrus_tetrazona|25           1.0922663 1.0841828 1.0692695 1.0524585 1.0731560 0.9609395 1.0816062 1.0590170 0.6138539 1.0996402 1.0740050 1.0838323 1.1053394 0.9859388 0.0000000 1.0364841 0.9933330 0.9440629 0.9536446 0.9023713 0.9716006 0.9829511 0.9476597 0.9921034 0.9463058 0.9044565 0.9438371 0.9067959 1.0833476 0.9228736 0.9082261 0.9098425 0.9886500 0.9712493 0.8903695 0.9274700 0.9495254 0.9093516 0.9004734 0.9352165 0.9418159 0.9808546 0.9519744 0.9458142 0.9226950 0.8803455 0.8744341 1.0061848 0.9327460 1.0740827 0.9018608 0.9372541 0.9283296 0.9515796 0.9417514 0.7991053 1.0269759 0.9502489 0.9415469 0.9348838 0.9842259 0.9391111 0.8792915 0.9421333 0.8538567 1.1095287 0.9457680 
Clupea_harengus|22               0.9073314 0.8046155 0.9498438 0.9735162 0.8117289 0.8560799 0.9010910 0.9516498 1.2382406 0.8890260 0.9191385 0.9417728 0.8546333 0.8392784 1.0364841 0.0000000 0.9092429 0.8628085 0.8597461 0.8106931 0.8884271 0.9033106 0.8541071 0.8949638 0.8561993 0.8855870 0.8945689 0.8267184 0.9346087 0.8332846 0.8025807 0.8129804 0.9455239 0.8271103 0.8169586 0.8006585 0.8596331 0.8341803 0.8195032 0.8264268 0.8335247 0.8880460 0.8629922 0.8353364 0.9056283 0.8284335 0.7881665 0.8945618 0.8432036 0.8930269 0.8126470 0.8150701 0.8528539 0.8535901 0.8599027 0.7143064 0.9319747 0.8632813 0.8444850 0.9041700 0.8704003 0.8425526 0.7759813 0.8440746 0.7751306 1.0750545 0.8348663 
Salarias_fasciatus|22            0.9582316 0.8479126 0.9644465 0.9681400 0.8622587 0.9840798 0.9963587 0.9544291 1.1434865 0.9058017 1.0148530 0.9701991 0.9649384 0.9596548 0.9933330 0.9092429 0.0000000 0.4968848 0.4952316 0.3594654 0.5344079 0.4817983 0.5002016 0.5406106 0.4546344 0.4785439 0.4327756 0.3725663 0.8836004 0.3797248 0.3701472 0.3842078 0.5282246 0.3848104 0.3829122 0.5207175 0.4953704 0.3933047 0.3861413 0.3737472 0.4011790 0.5011237 0.4887818 0.3991723 0.4432078 0.3814261 0.3535776 0.5307174 0.3825071 0.8709037 0.3750131 0.4063230 0.4282670 0.4936189 0.4965704 0.3550214 0.5269507 0.4982709 0.3961530 0.4737190 0.4971767 0.3653227 0.3652068 0.3938379 0.3511575 0.7048232 0.3993289 
Poecilia_mexicana|22             0.8814769 0.7950485 0.9217536 0.9187067 0.8745817 0.8622406 0.8663883 0.8990699 1.0878714 0.8612843 0.9244234 0.9212200 0.8892406 0.8389923 0.9440629 0.8628085 0.4968848 0.0000000 0.0540310 0.3798335 0.2250701 0.4980623 0.0328014 0.5334783 0.4584213 0.4761801 0.4453944 0.3769719 0.8032662 0.3769116 0.3774687 0.3857635 0.2123607 0.3813986 0.4045530 0.5029446 0.0590695 0.3930401 0.3728944 0.3843555 0.4073245 0.4061127 0.4473209 0.4060638 0.4185804 0.3867885 0.3554624 0.4420889 0.3844280 0.7838624 0.3795411 0.4249469 0.4362214 0.0570358 0.0124612 0.3340405 0.5170290 0.0047309 0.3969381 0.3562108 0.4217446 0.3749066 0.3844251 0.3956121 0.3579555 0.6922826 0.4048046 
Xiphophorus_couchianus|22        0.8796336 0.8086915 0.9014775 0.8921856 0.8716043 0.8454879 0.8652721 0.8807631 1.0761800 0.8442325 0.9119837 0.9040600 0.8761717 0.8283303 0.9536446 0.8597461 0.4952316 0.0540310 0.0000000 0.3705648 0.2211939 0.5019016 0.0445268 0.5225973 0.4481181 0.4651323 0.4475869 0.3650141 0.8158616 0.3650441 0.3716448 0.3822003 0.2029341 0.3797730 0.3931585 0.5115820 0.0150372 0.3932976 0.3777070 0.3776420 0.3899469 0.4018236 0.4514441 0.3897883 0.4154796 0.3852180 0.3462875 0.4283113 0.3721680 0.7874307 0.3823768 0.4145698 0.4350251 0.0172649 0.0517492 0.3289343 0.5208093 0.0531722 0.3842743 0.3384120 0.4138291 0.3712855 0.3728225 0.3829508 0.3486188 0.6832890 0.3885311 
Cottoperca_gobio|16              0.8294363 0.7509922 0.8451682 0.8511219 0.7860483 0.8452728 0.8384372 0.8331297 1.0169315 0.8163822 0.8639851 0.8521641 0.8258931 0.8207095 0.9023713 0.8106931 0.3594654 0.3798335 0.3705648 0.0000000 0.4086848 0.4161257 0.3788864 0.4107437 0.1795430 0.3414325 0.3192863 0.1537627 0.7641163 0.2064192 0.2096518 0.2335419 0.3988574 0.2211639 0.1662941 0.4381147 0.3711752 0.2450602 0.2400551 0.2393351 0.2698956 0.3769008 0.2789368 0.2696652 0.2829515 0.2721627 0.1306112 0.4218656 0.2620861 0.7400479 0.2294993 0.2719732 0.3158052 0.3779624 0.3745403 0.2534853 0.4268548 0.3798619 0.2645321 0.3318144 0.4004759 0.2385829 0.1851512 0.2627284 0.1308828 0.6059676 0.2699639 
Cyprinodon_variegatus|28         0.9487898 0.8572957 0.9387593 0.9517979 0.9178051 0.9091709 0.9329616 0.9484120 1.1544941 0.9432749 0.9836681 0.9479142 0.9500271 0.9009788 0.9716006 0.8884271 0.5344079 0.2250701 0.2211939 0.4086848 0.0000000 0.5548076 0.2153336 0.5517844 0.4930635 0.5143242 0.4802258 0.4011642 0.8853625 0.4133404 0.4023767 0.4103350 0.2536605 0.4113767 0.4384645 0.5018049 0.2290810 0.4185946 0.4012064 0.4112708 0.4286384 0.4574617 0.5195980 0.4294611 0.4497705 0.4248045 0.3911498 0.4754064 0.4210832 0.8277193 0.4109122 0.4562453 0.4643924 0.2274652 0.2241021 0.3661243 0.5461232 0.2264267 0.4217859 0.3781709 0.4569084 0.3997848 0.4153661 0.4186728 0.3915346 0.7151652 0.4292498 
Gouania_willdenowi|37            0.9395458 0.8374448 0.9759148 0.9476918 0.9062076 0.9519757 0.9628287 0.9614201 1.1214408 0.9095266 0.9960671 0.9675874 0.9498691 0.9596258 0.9829511 0.9033106 0.4817983 0.4980623 0.5019016 0.4161257 0.5548076 0.0000000 0.5053506 0.5529699 0.4948547 0.5152560 0.4585437 0.4177634 0.9249486 0.4254669 0.4378653 0.4252455 0.5524562 0.4293360 0.4481703 0.5598306 0.5024936 0.4306810 0.4417827 0.4277142 0.4454967 0.5158348 0.5561996 0.4489331 0.4951764 0.4461420 0.4070581 0.5393192 0.4303406 0.8999177 0.4309219 0.4611415 0.4688315 0.5041515 0.4987221 0.4038284 0.5626291 0.5010686 0.4493883 0.4970808 0.5074824 0.4161230 0.4220252 0.4467708 0.3988788 0.7174300 0.4490802 
Poecilia_reticulata|22           0.8780982 0.8011777 0.9183609 0.9195863 0.8783524 0.8489843 0.8629239 0.8926264 1.0796660 0.8538264 0.9224933 0.9164628 0.8632860 0.8228997 0.9476597 0.8541071 0.5002016 0.0328014 0.0445268 0.3788864 0.2153336 0.5053506 0.0000000 0.5312603 0.4533882 0.4661540 0.4487075 0.3744066 0.8176957 0.3721116 0.3723225 0.3830554 0.2044932 0.3803004 0.4045726 0.5022685 0.0498208 0.3908773 0.3740834 0.3801592 0.4006676 0.4030954 0.4478299 0.4005633 0.4161594 0.3879488 0.3518233 0.4326694 0.3860282 0.7929108 0.3751495 0.4236029 0.4308766 0.0485808 0.0308985 0.3312712 0.5242073 0.0312188 0.3943330 0.3439096 0.4181967 0.3732778 0.3775616 0.3930145 0.3578854 0.6947962 0.3993220 
Takifugu_rubripes|22             0.9030634 0.8368898 0.9804474 0.9778214 0.9143862 0.9304482 0.8931588 0.9851345 1.1275714 0.8944889 0.9377985 0.9897245 0.8806367 0.8903160 0.9921034 0.8949638 0.5406106 0.5334783 0.5225973 0.4107437 0.5517844 0.5529699 0.5312603 0.0000000 0.5078511 0.5272661 0.4776881 0.4004338 0.8527902 0.3816041 0.4059675 0.4081453 0.5452299 0.3975907 0.4159766 0.5565444 0.5283133 0.4222136 0.3985738 0.4121433 0.4590701 0.5329121 0.4759810 0.4557492 0.4561789 0.4237108 0.3833689 0.5379292 0.4440119 0.8246688 0.4188508 0.4545346 0.4636560 0.5300575 0.5262203 0.3803730 0.5621700 0.5331643 0.4583891 0.4883626 0.5144113 0.4213789 0.3838964 0.4565598 0.3779671 0.7320144 0.4553849 
Notothenia_coriiceps|22          0.8098250 0.7888123 0.9465128 0.9451814 0.8173417 0.8544865 0.7953643 0.9302376 1.0619210 0.8249681 0.8479024 0.9451108 0.8318298 0.8390670 0.9463058 0.8561993 0.4546344 0.4584213 0.4481181 0.1795430 0.4930635 0.4948547 0.4533882 0.5078511 0.0000000 0.4457543 0.3819693 0.2466031 0.8490944 0.2737343 0.2754147 0.3025291 0.4910610 0.2908354 0.2391938 0.5179265 0.4458455 0.3394354 0.3200884 0.3132376 0.3549249 0.4469312 0.3537425 0.3539507 0.3592886 0.3395128 0.2106026 0.4872318 0.3492280 0.7988345 0.2940778 0.3473435 0.3849329 0.4513583 0.4521974 0.3064203 0.4780825 0.4600942 0.3544399 0.3860243 0.4454183 0.3065720 0.2555221 0.3519169 0.2051856 0.6874169 0.3536604 
Myripristis_murdjan|112          0.8680870 0.7644028 0.8728389 0.8919313 0.8400411 0.8417930 0.8502011 0.8794897 1.0567172 0.7995947 0.9019107 0.8841135 0.8496127 0.8219158 0.9044565 0.8855870 0.4785439 0.4761801 0.4651323 0.3414325 0.5143242 0.5152560 0.4661540 0.5272661 0.4457543 0.0000000 0.4301465 0.3399752 0.8049441 0.3478940 0.3306431 0.3623231 0.4973193 0.3492606 0.3379357 0.5215027 0.4654440 0.3729694 0.3590266 0.3598836 0.4060049 0.4762400 0.3930043 0.4070389 0.4105173 0.3758408 0.3276681 0.5312233 0.3809952 0.7757905 0.3671507 0.3834788 0.3971754 0.4666799 0.4688151 0.3506235 0.5207222 0.4770036 0.4012985 0.4380969 0.4869228 0.3658861 0.3268514 0.3989982 0.3217612 0.6204649 0.4073579 
Betta_splendens|22               0.8636379 0.7846479 0.9026095 0.9224054 0.8381387 0.8585637 0.8567346 0.8979082 1.0949208 0.8557768 0.8975865 0.9132097 0.8509443 0.8441000 0.9438371 0.8945689 0.4327756 0.4453944 0.4475869 0.3192863 0.4802258 0.4585437 0.4487075 0.4776881 0.3819693 0.4301465 0.0000000 0.3137254 0.7963248 0.3186784 0.3010691 0.3299651 0.4680699 0.3457819 0.3319688 0.4697794 0.4487593 0.2172258 0.2795381 0.3291319 0.3516486 0.4639078 0.3612708 0.3495879 0.3748463 0.3426176 0.3006436 0.4915098 0.3442434 0.8178668 0.2923886 0.3564800 0.3770867 0.4473140 0.4442275 0.3128374 0.4951755 0.4463628 0.3495607 0.4051372 0.4551901 0.3300065 0.2852930 0.3478356 0.2943186 0.6873292 0.3498516 
Etheostoma_spectabile|97         0.8462528 0.7470091 0.8379522 0.8568349 0.8091428 0.8291243 0.8465853 0.8246155 0.9831154 0.7964807 0.8592034 0.8419867 0.8065364 0.8088668 0.9067959 0.8267184 0.3725663 0.3769719 0.3650141 0.1537627 0.4011642 0.4177634 0.3744066 0.4004338 0.2466031 0.3399752 0.3137254 0.0000000 0.7656139 0.2028882 0.1999372 0.2361001 0.3998396 0.2128509 0.1717451 0.4358218 0.3670072 0.2466266 0.2282109 0.2347602 0.2809486 0.3830441 0.2776563 0.2803616 0.2829872 0.2700819 0.0589711 0.4020451 0.2659389 0.7518303 0.2287589 0.2587295 0.3053931 0.3737681 0.3738169 0.2503474 0.4307192 0.3772688 0.2773752 0.3207170 0.3740628 0.2316571 0.1831018 0.2760200 0.0616254 0.6206912 0.2801931 
Salmo_salar|67                   0.8990162 0.8464654 0.9154858 0.9174156 0.8536048 0.7781994 0.8716618 0.9241502 1.3553845 0.8165570 0.8959102 0.9151206 0.8223753 0.7465171 1.0833476 0.9346087 0.8836004 0.8032662 0.8158616 0.7641163 0.8853625 0.9249486 0.8176957 0.8527902 0.8490944 0.8049441 0.7963248 0.7656139 0.0000000 0.7578398 0.7554237 0.8041283 0.8984644 0.7723781 0.7729977 0.8135951 0.8102945 0.7890383 0.7556752 0.7794020 0.8108712 0.8456124 0.8333724 0.8181520 0.8170365 0.7810295 0.7425496 0.8923175 0.8010370 0.3220337 0.7597827 0.8020083 0.8060188 0.8155648 0.8086117 0.7019583 0.9216728 0.8105622 0.8091641 0.8321256 0.8519651 0.7833018 0.7486723 0.8031675 0.7273605 0.9698447 0.8181304 
Larimichthys_crocea|22           0.8333948 0.7108302 0.8333069 0.8672301 0.7891293 0.8322967 0.8249802 0.8318694 0.9933510 0.7954192 0.8568189 0.8449209 0.8025738 0.8083971 0.9228736 0.8332846 0.3797248 0.3769116 0.3650441 0.2064192 0.4133404 0.4254669 0.3721116 0.3816041 0.2737343 0.3478940 0.3186784 0.2028882 0.7578398 0.0000000 0.2115344 0.2406007 0.4055669 0.1846562 0.2151925 0.4316695 0.3645705 0.2495078 0.2418611 0.2404268 0.2820104 0.3726185 0.2675239 0.2827078 0.2731505 0.2737127 0.1790495 0.4034167 0.2691410 0.7761203 0.2359041 0.2684336 0.2972989 0.3683793 0.3735180 0.2571926 0.4282290 0.3753394 0.2735651 0.3142926 0.3811176 0.2366184 0.1910623 0.2725749 0.1783334 0.6155220 0.2821079 
Lates_calcarifer|22              0.8184560 0.7145882 0.8531435 0.8555711 0.7639570 0.8444218 0.8095631 0.8437772 1.0088095 0.8014845 0.8441064 0.8592548 0.7903900 0.8162200 0.9082261 0.8025807 0.3701472 0.3774687 0.3716448 0.2096518 0.4023767 0.4378653 0.3723225 0.4059675 0.2754147 0.3306431 0.3010691 0.1999372 0.7554237 0.2115344 0.0000000 0.2360469 0.4090138 0.2212732 0.2190817 0.4284074 0.3735278 0.2267022 0.2158159 0.2321033 0.2740742 0.3780571 0.2307342 0.2718582 0.2860334 0.2792197 0.1768713 0.4063912 0.2619994 0.7476550 0.2153031 0.2108413 0.2979671 0.3794593 0.3748769 0.2458085 0.4348915 0.3768479 0.2742533 0.3199794 0.3709004 0.2269257 0.1329371 0.2727340 0.1794478 0.6184259 0.2712265 
Stegastes_partitus|22            0.8447194 0.7397552 0.8803285 0.8840375 0.7905755 0.8358398 0.8208280 0.8676154 1.0435332 0.8088090 0.8716921 0.8788374 0.8269147 0.8140703 0.9098425 0.8129804 0.3842078 0.3857635 0.3822003 0.2335419 0.4103350 0.4252455 0.3830554 0.4081453 0.3025291 0.3623231 0.3299651 0.2361001 0.8041283 0.2406007 0.2360469 0.0000000 0.4363273 0.2500231 0.2591726 0.4482328 0.3814464 0.2660183 0.2610228 0.1170376 0.2700179 0.3651786 0.3533159 0.2687030 0.3189079 0.2574194 0.2160093 0.3986958 0.2482101 0.7924102 0.2460599 0.2841974 0.3135920 0.3876607 0.3840599 0.2532290 0.4279674 0.3842227 0.2682607 0.3155644 0.3733913 0.1096288 0.2091163 0.2667324 0.2117100 0.6606933 0.2688944 
Fundulus_heteroclitus|25         0.9537369 0.8766493 0.9838627 0.9951042 0.9180508 0.9312597 0.9537028 0.9543933 1.1849228 0.9208012 0.9863887 0.9989166 0.9711808 0.9154559 0.9886500 0.9455239 0.5282246 0.2123607 0.2029341 0.3988574 0.2536605 0.5524562 0.2044932 0.5452299 0.4910610 0.4973193 0.4680699 0.3998396 0.8984644 0.4055669 0.4090138 0.4363273 0.0000000 0.4126276 0.4131912 0.5278083 0.2097581 0.4214365 0.4156825 0.4222754 0.4329587 0.4705932 0.4911560 0.4318611 0.4584873 0.4434158 0.3788191 0.4904811 0.4300194 0.8747033 0.4153004 0.4653343 0.4700716 0.2116236 0.2113045 0.3614339 0.5699396 0.2126979 0.4281908 0.3981261 0.4646136 0.4195809 0.3969542 0.4260577 0.3803462 0.7395622 0.4311645 
Sparus_aurata|22                 0.8234868 0.7483887 0.8792568 0.8762450 0.8240413 0.8447281 0.8333954 0.8506106 1.0507223 0.8032769 0.8558294 0.8788753 0.8334587 0.8320023 0.9712493 0.8271103 0.3848104 0.3813986 0.3797730 0.2211639 0.4113767 0.4293360 0.3803004 0.3975907 0.2908354 0.3492606 0.3457819 0.2128509 0.7723781 0.1846562 0.2212732 0.2500231 0.4126276 0.0000000 0.2301021 0.4537789 0.3811602 0.2641286 0.2579671 0.2460981 0.2976871 0.3973952 0.2987909 0.2996117 0.2945936 0.3020949 0.1915403 0.4108588 0.2909556 0.7472130 0.2496577 0.2809527 0.3255833 0.3844012 0.3790531 0.2635018 0.4687543 0.3812513 0.2943673 0.3245846 0.3748960 0.2435734 0.2068793 0.2933967 0.1889350 0.6338518 0.2994246 
Anarrhichthys_ocellatus|22       0.8429802 0.7512072 0.8529944 0.8706429 0.7881723 0.8504425 0.8366887 0.8428605 0.9995045 0.8313807 0.8724181 0.8631453 0.8393253 0.8244222 0.8903695 0.8169586 0.3829122 0.4045530 0.3931585 0.1662941 0.4384645 0.4481703 0.4045726 0.4159766 0.2391938 0.3379357 0.3319688 0.1717451 0.7729977 0.2151925 0.2190817 0.2591726 0.4131912 0.2301021 0.0000000 0.4639263 0.3983684 0.2669563 0.2494542 0.2447131 0.2904398 0.4026702 0.2877117 0.2930165 0.2930700 0.2915162 0.1422463 0.4339529 0.2738244 0.7596709 0.2401928 0.2744655 0.3289049 0.4026628 0.4033813 0.2695036 0.4381710 0.4029141 0.2904535 0.3271191 0.3895035 0.2444431 0.1957501 0.2878806 0.1408754 0.6021394 0.2928359 
Boleophthalmus_pectinirostris|22 0.8407523 0.8131093 0.8571037 0.8530973 0.8501884 0.8188536 0.8345636 0.8492274 1.0558003 0.8074333 0.8676330 0.8574822 0.8040905 0.8040587 0.9274700 0.8006585 0.5207175 0.5029446 0.5115820 0.4381147 0.5018049 0.5598306 0.5022685 0.5565444 0.5179265 0.5215027 0.4697794 0.4358218 0.8135951 0.4316695 0.4284074 0.4482328 0.5278083 0.4537789 0.4639263 0.0000000 0.5072523 0.4361747 0.4318115 0.4445081 0.4638878 0.5307204 0.4692786 0.4638934 0.4786003 0.4264989 0.4155977 0.5090625 0.4574874 0.7837444 0.4332108 0.4357904 0.4035689 0.5165832 0.5017654 0.4100914 0.5831715 0.5046546 0.4599498 0.4766927 0.5164513 0.4412394 0.4195329 0.4601584 0.4126976 0.7258546 0.4636714 
Xiphophorus_maculatus|22         0.8786134 0.7968379 0.9084735 0.8965851 0.8638332 0.8413224 0.8627718 0.8861127 1.0877266 0.8447056 0.9078063 0.9102471 0.8792841 0.8242385 0.9495254 0.8596331 0.4953704 0.0590695 0.0150372 0.3711752 0.2290810 0.5024936 0.0498208 0.5283133 0.4458455 0.4654440 0.4487593 0.3670072 0.8102945 0.3645705 0.3735278 0.3814464 0.2097581 0.3811602 0.3983684 0.5072523 0.0000000 0.3932426 0.3781945 0.3745587 0.3970677 0.4030747 0.4560258 0.3968656 0.4180107 0.3833330 0.3486609 0.4341415 0.3699908 0.7822430 0.3826272 0.4121489 0.4339191 0.0142809 0.0570348 0.3338814 0.5189604 0.0587680 0.3897458 0.3416446 0.4198918 0.3696184 0.3692136 0.3883831 0.3510189 0.6829862 0.3955585 
Anabas_testudineus|22            0.7981492 0.7322129 0.8740176 0.8647012 0.8324798 0.8234335 0.8068403 0.8615475 1.0436711 0.8011031 0.8480447 0.8847170 0.8139496 0.7964776 0.9093516 0.8341803 0.3933047 0.3930401 0.3932976 0.2450602 0.4185946 0.4306810 0.3908773 0.4222136 0.3394354 0.3729694 0.2172258 0.2466266 0.7890383 0.2495078 0.2267022 0.2660183 0.4214365 0.2641286 0.2669563 0.4361747 0.3932426 0.0000000 0.2247518 0.2597652 0.3030619 0.3971297 0.3104052 0.3037470 0.3187718 0.3015402 0.2284978 0.4449164 0.2913774 0.7916699 0.2363405 0.2812632 0.3245427 0.3992966 0.3903181 0.2732004 0.4592135 0.3930550 0.3022873 0.3406492 0.4145432 0.2609427 0.2130756 0.3003708 0.2273032 0.6539563 0.3036658 
Mastacembelus_armatus|64         0.8094989 0.7438905 0.8450084 0.8468862 0.8084428 0.8213161 0.8148945 0.8406545 1.0025262 0.8132825 0.8735978 0.8527241 0.8297703 0.7983728 0.9004734 0.8195032 0.3861413 0.3728944 0.3777070 0.2400551 0.4012064 0.4417827 0.3740834 0.3985738 0.3200884 0.3590266 0.2795381 0.2282109 0.7556752 0.2418611 0.2158159 0.2610228 0.4156825 0.2579671 0.2494542 0.4318115 0.3781945 0.2247518 0.0000000 0.2631335 0.3021292 0.3811726 0.2832180 0.3028934 0.3053184 0.2950389 0.2071682 0.4185244 0.2715705 0.7692330 0.1982907 0.2735278 0.3150496 0.3792875 0.3747029 0.2607095 0.4401314 0.3760056 0.2932667 0.3291277 0.3920460 0.2587191 0.2055735 0.2922257 0.2077473 0.6209543 0.3021904 
Acanthochromis_polyacanthus|22   0.8440367 0.7372852 0.8831860 0.8864760 0.8023245 0.8274337 0.8271984 0.8633749 1.0322482 0.7944187 0.8710818 0.8863198 0.8057595 0.8004144 0.9352165 0.8264268 0.3737472 0.3843555 0.3776420 0.2393351 0.4112708 0.4277142 0.3801592 0.4121433 0.3132376 0.3598836 0.3291319 0.2347602 0.7794020 0.2404268 0.2321033 0.1170376 0.4222754 0.2460981 0.2447131 0.4445081 0.3745587 0.2597652 0.2631335 0.0000000 0.2730765 0.3743337 0.3646302 0.2734002 0.3124221 0.2613608 0.2135332 0.3996805 0.2486457 0.7691265 0.2502760 0.2888396 0.3071523 0.3818892 0.3802144 0.2645348 0.4391643 0.3805928 0.2749588 0.3200685 0.3673448 0.0503042 0.2151576 0.2723194 0.2082556 0.6338163 0.2733679 
Haplochromis_burtoni|31          0.8586077 0.7564476 0.8811582 0.9108199 0.8311895 0.8115329 0.8300919 0.8846798 1.0505444 0.7917657 0.8770690 0.8827928 0.8143979 0.8193515 0.9418159 0.8335247 0.4011790 0.4073245 0.3899469 0.2698956 0.4286384 0.4454967 0.4006676 0.4590701 0.3549249 0.4060049 0.3516486 0.2809486 0.8108712 0.2820104 0.2740742 0.2700179 0.4329587 0.2976871 0.2904398 0.4638878 0.3970677 0.3030619 0.3021292 0.2730765 0.0000000 0.3994478 0.3921403 0.0073772 0.3510131 0.2991717 0.2570241 0.4283567 0.1342202 0.8018186 0.2744393 0.3119410 0.3568647 0.4017825 0.4047023 0.0042225 0.4669466 0.4076254 0.0305535 0.3386701 0.3957779 0.2654109 0.2518020 0.0291469 0.2555633 0.6601237 0.0080525 
Nothobranchius_furzeri|22        0.9006760 0.8038487 0.9180736 0.9288811 0.9131396 0.8896918 0.8872818 0.9053529 1.1104226 0.8678185 0.9242448 0.9225546 0.8843534 0.8884186 0.9808546 0.8880460 0.5011237 0.4061127 0.4018236 0.3769008 0.4574617 0.5158348 0.4030954 0.5329121 0.4469312 0.4762400 0.4639078 0.3830441 0.8456124 0.3726185 0.3780571 0.3651786 0.4705932 0.3973952 0.4026702 0.5307204 0.4030747 0.3971297 0.3811726 0.3743337 0.3994478 0.0000000 0.4484702 0.3986453 0.4373794 0.4067911 0.3583634 0.4599146 0.3742552 0.7671541 0.3868630 0.4262411 0.4591433 0.4117839 0.4025077 0.3592029 0.5586566 0.4060174 0.3912063 0.3203420 0.4418916 0.3723888 0.3896831 0.3903068 0.3584156 0.6687122 0.3981191 
Paralichthys_olivaceus|22        0.9021186 0.7709066 0.9276560 0.9241629 0.8612330 0.9022961 0.9230742 0.9093079 1.0865932 0.8600911 0.9491066 0.9311237 0.8663772 0.8733280 0.9519744 0.8629922 0.4887818 0.4473209 0.4514441 0.2789368 0.5195980 0.5561996 0.4478299 0.4759810 0.3537425 0.3930043 0.3612708 0.2776563 0.8333724 0.2675239 0.2307342 0.3533159 0.4911560 0.2987909 0.2877117 0.4692786 0.4560258 0.3104052 0.2832180 0.3646302 0.3921403 0.4484702 0.0000000 0.3944764 0.3453189 0.3912046 0.2569434 0.4871905 0.3701993 0.8014482 0.2804204 0.2662404 0.3485594 0.4652776 0.4458206 0.3608233 0.4679297 0.4475960 0.3956563 0.4091610 0.4475157 0.3426208 0.2191046 0.3930581 0.2549395 0.6926548 0.3952425 
Maylandia_zebra|22               0.8642565 0.7579298 0.8849904 0.9125901 0.8337745 0.8040877 0.8362723 0.8844951 1.0494549 0.7853360 0.8834103 0.8857420 0.8189548 0.8085911 0.9458142 0.8353364 0.3991723 0.4060638 0.3897883 0.2696652 0.4294611 0.4489331 0.4005633 0.4557492 0.3539507 0.4070389 0.3495879 0.2803616 0.8181520 0.2827078 0.2718582 0.2687030 0.4318611 0.2996117 0.2930165 0.4638934 0.3968656 0.3037470 0.3028934 0.2734002 0.0073772 0.3986453 0.3944764 0.0000000 0.3507604 0.2988048 0.2561967 0.4242999 0.1332505 0.8106499 0.2736170 0.3122911 0.3551554 0.4015355 0.4034458 0.0036058 0.4675520 0.4063656 0.0278169 0.3387674 0.3925699 0.2650299 0.2510023 0.0264215 0.2549620 0.6610697 0.0017638 
Labrus_bergylta|10               0.8798850 0.7927268 0.9218016 0.9117977 0.8438881 0.8656029 0.8919166 0.9136371 1.0726087 0.8522026 0.9079610 0.9291110 0.8535646 0.8524197 0.9226950 0.9056283 0.4432078 0.4185804 0.4154796 0.2829515 0.4497705 0.4951764 0.4161594 0.4561789 0.3592886 0.4105173 0.3748463 0.2829872 0.8170365 0.2731505 0.2860334 0.3189079 0.4584873 0.2945936 0.2930700 0.4786003 0.4180107 0.3187718 0.3053184 0.3124221 0.3510131 0.4373794 0.3453189 0.3507604 0.0000000 0.3412964 0.2636768 0.4514514 0.3340399 0.7806213 0.3133121 0.3375687 0.3889247 0.4261525 0.4202554 0.3162052 0.4858235 0.4184086 0.3449401 0.3768571 0.4270791 0.3143859 0.2785030 0.3446287 0.2544586 0.6563248 0.3500699 
Parambassis_ranga|22             0.8358356 0.7331468 0.8529544 0.8616516 0.8185640 0.8320813 0.8353413 0.8542202 0.9754475 0.7960624 0.8847432 0.8610839 0.8328609 0.8130134 0.8803455 0.8284335 0.3814261 0.3867885 0.3852180 0.2721627 0.4248045 0.4461420 0.3879488 0.4237108 0.3395128 0.3758408 0.3426176 0.2700819 0.7810295 0.2737127 0.2792197 0.2574194 0.4434158 0.3020949 0.2915162 0.4264989 0.3833330 0.3015402 0.2950389 0.2613608 0.2991717 0.4067911 0.3912046 0.2988048 0.3412964 0.0000000 0.2530702 0.4168688 0.2818334 0.7915119 0.2832580 0.3119780 0.3365029 0.3866496 0.3882307 0.2782893 0.4562537 0.3889019 0.3043380 0.3551040 0.3979545 0.2553449 0.2598444 0.3027095 0.2493952 0.6041845 0.2995359 
Sander_lucioperca|22             0.8088818 0.7138491 0.8166495 0.8245819 0.7649088 0.8063636 0.8071772 0.8039271 0.9735237 0.7722549 0.8450896 0.8212882 0.7854405 0.7872295 0.8744341 0.7881665 0.3535776 0.3554624 0.3462875 0.1306112 0.3911498 0.4070581 0.3518233 0.3833689 0.2106026 0.3276681 0.3006436 0.0589711 0.7425496 0.1790495 0.1768713 0.2160093 0.3788191 0.1915403 0.1422463 0.4155977 0.3486609 0.2284978 0.2071682 0.2135332 0.2570241 0.3583634 0.2569434 0.2561967 0.2636768 0.2530702 0.0000000 0.3923639 0.2438649 0.7336567 0.2032011 0.2405272 0.2845880 0.3552356 0.3538337 0.2265414 0.4130263 0.3553379 0.2503822 0.3030418 0.3673549 0.2115054 0.1554230 0.2487173 0.0310462 0.6001267 0.2553091 
Oryzias_latipes|40               0.9546032 0.8253589 0.9275270 0.9376190 0.8946807 0.8940048 0.9317518 0.9338956 1.1769934 0.8979592 0.9668644 0.9312365 0.9278656 0.8971977 1.0061848 0.8945618 0.5307174 0.4420889 0.4283113 0.4218656 0.4754064 0.5393192 0.4326694 0.5379292 0.4872318 0.5312233 0.4915098 0.4020451 0.8923175 0.4034167 0.4063912 0.3986958 0.4904811 0.4108588 0.4339529 0.5090625 0.4341415 0.4449164 0.4185244 0.3996805 0.4283567 0.4599146 0.4871905 0.4242999 0.4514514 0.4168688 0.3923639 0.0000000 0.4214688 0.8543340 0.4197978 0.4446153 0.4625274 0.4381175 0.4327268 0.3791952 0.5669453 0.4426375 0.4179014 0.4144048 0.1245260 0.4032559 0.4045685 0.4173838 0.3890512 0.7472882 0.4241059 
Archocentrus_centrarchus|22      0.8613742 0.7391731 0.8897865 0.8966956 0.8227383 0.8451182 0.8444410 0.8801807 1.0215994 0.8259945 0.8897687 0.8959612 0.8529680 0.8523696 0.9327460 0.8432036 0.3825071 0.3844280 0.3721680 0.2620861 0.4210832 0.4303406 0.3860282 0.4440119 0.3492280 0.3809952 0.3442434 0.2659389 0.8010370 0.2691410 0.2619994 0.2482101 0.4300194 0.2909556 0.2738244 0.4574874 0.3699908 0.2913774 0.2715705 0.2486457 0.1342202 0.3742552 0.3701993 0.1332505 0.3340399 0.2818334 0.2438649 0.4214688 0.0000000 0.7908064 0.2573430 0.2999933 0.3449031 0.3762302 0.3836414 0.1291319 0.4314537 0.3877836 0.1257992 0.3256244 0.3937218 0.2394873 0.2438750 0.1250178 0.2397023 0.6331182 0.1327528 
Esox_lucius|22                   0.8790466 0.8028040 0.8986292 0.9044052 0.8379459 0.7357731 0.8643107 0.9032289 1.3271372 0.8120461 0.9012080 0.8931091 0.8007422 0.7494780 1.0740827 0.8930269 0.8709037 0.7838624 0.7874307 0.7400479 0.8277193 0.8999177 0.7929108 0.8246688 0.7988345 0.7757905 0.8178668 0.7518303 0.3220337 0.7761203 0.7476550 0.7924102 0.8747033 0.7472130 0.7596709 0.7837444 0.7822430 0.7916699 0.7692330 0.7691265 0.8018186 0.7671541 0.8014482 0.8106499 0.7806213 0.7915119 0.7336567 0.8543340 0.7908064 0.0000000 0.7635794 0.7898331 0.7832034 0.7885047 0.7964313 0.7045739 0.8784520 0.7945411 0.8034099 0.8189940 0.8450851 0.7703379 0.7495030 0.8016531 0.7181909 0.9250148 0.8118124 
Monopterus_albus|22              0.8144187 0.7230574 0.8724974 0.8786773 0.7853095 0.8405055 0.8152110 0.8585649 1.0257644 0.8083693 0.8348508 0.8787725 0.8005449 0.8156200 0.9018608 0.8126470 0.3750131 0.3795411 0.3823768 0.2294993 0.4109122 0.4309219 0.3751495 0.4188508 0.2940778 0.3671507 0.2923886 0.2287589 0.7597827 0.2359041 0.2153031 0.2460599 0.4153004 0.2496577 0.2401928 0.4332108 0.3826272 0.2363405 0.1982907 0.2502760 0.2744393 0.3868630 0.2804204 0.2736170 0.3133121 0.2832580 0.2032011 0.4197978 0.2573430 0.7635794 0.0000000 0.2663832 0.3181943 0.3850077 0.3768065 0.2378905 0.4303395 0.3806288 0.2740499 0.3345209 0.3920002 0.2498737 0.1976326 0.2730522 0.2028557 0.6198869 0.2734488 
Echeneis_naucrates|22            0.8399310 0.7323725 0.8348833 0.8426889 0.7966618 0.8536238 0.8511501 0.8220727 1.0521087 0.8221723 0.8618655 0.8345912 0.8411639 0.8242970 0.9372541 0.8150701 0.4063230 0.4249469 0.4145698 0.2719732 0.4562453 0.4611415 0.4236029 0.4545346 0.3473435 0.3834788 0.3564800 0.2587295 0.8020083 0.2684336 0.2108413 0.2841974 0.4653343 0.2809527 0.2744655 0.4357904 0.4121489 0.2812632 0.2735278 0.2888396 0.3119410 0.4262411 0.2662404 0.3122911 0.3375687 0.3119780 0.2405272 0.4446153 0.2999933 0.7898331 0.2663832 0.0000000 0.3443402 0.4149282 0.4198635 0.2730830 0.4643546 0.4236057 0.3140596 0.3692989 0.4230395 0.2849681 0.1642128 0.3111882 0.2384914 0.6616986 0.3119483 
Sphaeramia_orbicularis|43        0.8596996 0.7703852 0.9127534 0.9010543 0.8354539 0.8356044 0.8337135 0.8886161 1.0502384 0.7994786 0.8651111 0.9095046 0.8169385 0.8228272 0.9283296 0.8528539 0.4282670 0.4362214 0.4350251 0.3158052 0.4643924 0.4688315 0.4308766 0.4636560 0.3849329 0.3971754 0.3770867 0.3053931 0.8060188 0.2972989 0.2979671 0.3135920 0.4700716 0.3255833 0.3289049 0.4035689 0.4339191 0.3245427 0.3150496 0.3071523 0.3568647 0.4591433 0.3485594 0.3551554 0.3889247 0.3365029 0.2845880 0.4625274 0.3449031 0.7832034 0.3181943 0.3443402 0.0000000 0.4360513 0.4336634 0.3011191 0.4840566 0.4368114 0.3567880 0.4106143 0.4344765 0.3090844 0.2713857 0.3549915 0.2796281 0.6954122 0.3550275 
Xiphophorus_hellerii|22          0.8854784 0.7984658 0.9217785 0.9088814 0.8818534 0.8507393 0.8697335 0.8977737 1.0823315 0.8454445 0.9090131 0.9205823 0.8819548 0.8295153 0.9515796 0.8535901 0.4936189 0.0570358 0.0172649 0.3779624 0.2274652 0.5041515 0.0485808 0.5300575 0.4513583 0.4666799 0.4473140 0.3737681 0.8155648 0.3683793 0.3794593 0.3876607 0.2116236 0.3844012 0.4026628 0.5165832 0.0142809 0.3992966 0.3792875 0.3818892 0.4017825 0.4117839 0.4652776 0.4015355 0.4261525 0.3866496 0.3552356 0.4381175 0.3762302 0.7885047 0.3850077 0.4149282 0.4360513 0.0000000 0.0540346 0.3367287 0.5256314 0.0558329 0.3953893 0.3479076 0.4231273 0.3746198 0.3734522 0.3940285 0.3578982 0.6859892 0.4002220 
Poecilia_latipinna|22            0.8751118 0.7895212 0.9239694 0.9195731 0.8738540 0.8609647 0.8665165 0.8959462 1.0670434 0.8431378 0.9138738 0.9220347 0.8721916 0.8390586 0.9417514 0.8599027 0.4965704 0.0124612 0.0517492 0.3745403 0.2241021 0.4987221 0.0308985 0.5262203 0.4521974 0.4688151 0.4442275 0.3738169 0.8086117 0.3735180 0.3748769 0.3840599 0.2113045 0.3790531 0.4033813 0.5017654 0.0570348 0.3903181 0.3747029 0.3802144 0.4047023 0.4025077 0.4458206 0.4034458 0.4202554 0.3882307 0.3538337 0.4327268 0.3836414 0.7964313 0.3768065 0.4198635 0.4336634 0.0540346 0.0000000 0.3317201 0.5225136 0.0090433 0.3944097 0.3506546 0.4125767 0.3715706 0.3799064 0.3930910 0.3552344 0.6871385 0.4020511 
Pundamilia_nyererei|22           0.7622174 0.6689924 0.7499233 0.7701423 0.7366898 0.7154629 0.7382823 0.7604220 0.8934257 0.7016615 0.7724809 0.7519350 0.7073305 0.7161767 0.7991053 0.7143064 0.3550214 0.3340405 0.3289343 0.2534853 0.3661243 0.4038284 0.3312712 0.3803730 0.3064203 0.3506235 0.3128374 0.2503474 0.7019583 0.2571926 0.2458085 0.2532290 0.3614339 0.2635018 0.2695036 0.4100914 0.3338814 0.2732004 0.2607095 0.2645348 0.0042225 0.3592029 0.3608233 0.0036058 0.3162052 0.2782893 0.2265414 0.3791952 0.1291319 0.7045739 0.2378905 0.2730830 0.3011191 0.3367287 0.3317201 0.0000000 0.4068465 0.3340330 0.0265599 0.2990909 0.3427498 0.2571436 0.2201544 0.0259288 0.2267220 0.5704210 0.0030022 
